1
1
15
0
(8 0
((0,0,0) (7,7,7) (0,0,0))
((8,0,0) (15,7,7) (0,0,0))
((0,8,0) (7,15,7) (0,0,0))
((8,8,0) (15,15,7) (0,0,0))
((0,0,8) (7,7,15) (0,0,0))
((8,0,8) (15,7,15) (0,0,0))
((0,8,8) (7,15,15) (0,0,0))
((8,8,8) (15,15,15) (0,0,0))
)
8
FabOnDisk: Cell_D_00000 0
FabOnDisk: Cell_D_00000 61527
FabOnDisk: Cell_D_00000 123055
FabOnDisk: Cell_D_00000 184583
FabOnDisk: Cell_D_00000 246112
FabOnDisk: Cell_D_00000 307640
FabOnDisk: Cell_D_00000 369169
FabOnDisk: Cell_D_00000 430698

8,15
6.20149098773551191e-03,3.36670451694598286e-03,-3.69403323999792782e-02,-4.88849562076488983e-02,-4.57143990395690730e-02,6.17637313636306917e-01,-1.68777143332907490e-03,-5.09241276648426076e-04,-1.49728316307095356e-02,-9.87061741221878508e-03,-2.48649578849024673e-02,-3.91433675210532961e-02,-4.54845156794440042e-01,-4.84111469647802162e-01,-5.20911387805586212e-01,
6.10657204267413180e-03,6.22224829073785186e-03,-2.92550038592707673e-02,-5.01535797255059507e-02,-5.13845247597323682e-02,6.16704845158630555e-01,-6.52902381272228882e-01,-7.35673728443351660e-01,-7.05960568431289071e-01,-4.61599065530164776e-01,-2.74364364814476472e-02,-4.48145469248513867e-02,-2.91979840901398849e-02,-4.92483513686270913e-01,-5.41548880911916886e-01,
6.11280020139502809e-03,-2.79101777204418013e-02,-5.21430234779274651e-02,-4.69639183123755077e-02,-6.14268004590153641e-02,6.03517866785669987e-01,-4.46233315392561419e-02,-1.19072253222868074e+00,-7.03201045428434035e-02,-1.24274627389193877e-02,-4.69375563804227958e-01,-4.61636725740808412e-02,-4.90308747311563098e-01,-6.14780587245015164e-02,-5.49093215103890198e-01,
6.09186622620273496e-03,-5.56295932112011587e-02,-2.75687891504987070e-02,-2.77755194299827528e-02,-6.26296154399458571e-02,6.07924499659829309e-01,-2.62052552784822668e+00,-9.31812576965275596e+00,-8.69635941493799025e-02,-4.74053807969148533e-01,-4.64691600909251046e-01,-5.22908530006945052e-02,-2.51170629321953616e-02,-5.71233548789213536e-02,-5.50427503432799781e-01,
-1.19306647577839514e-01,-6.58058942514943124e-01,-7.30653934739478927e-01,-2.70535086903790356e-01,-1.79122543309195859e-01,2.70470557409683177e-01,-1.18582174040384691e+00,-1.39805418765855327e+00,-9.05615447551641611e-02,-1.28962316660319130e-02,-1.21714965678132739e-01,-5.57290582548313429e-01,-5.13053835686945625e-01,-4.98699712812440743e-01,-9.76085759936064778e-02,
-1.53452149233153925e+01,-3.44784717590304624e+01,-8.57034757338639430e+00,-3.00643288777121942e+00,-1.11294144518926821e+01,-3.47515291649620508e+01,-8.44943705312994808e+00,-2.37338738127965776e+00,-3.13740931124529832e+00,-7.23575133557018191e+00,-4.66843608790141396e+00,-9.01617891066658395e+00,-4.07718376828368356e+00,-2.72559691043955965e+00,-3.50264755353122403e+00,
-2.01186250419254442e+01,-1.19817027633213815e+01,-1.63773887152363140e+00,-5.05237613014357834e+00,-1.50498494216514267e+00,-2.03604582697044165e+01,-1.00891532942369526e+01,-2.55720180179005752e+00,-1.93652008973753875e+00,-3.32229153300897062e+00,-3.62477177713746146e+00,-3.02496132302696896e+00,-3.23436574676702637e+00,-5.81298937539648541e+00,-4.08873907347148524e+00,
-5.61775030345742152e+01,-2.28839748412894401e+01,-3.61155345625242674e+00,-6.89113734380378595e+00,-4.18474468490374107e+00,-5.81181399085706474e+01,-6.25756563609192007e+00,-1.00691724810271470e+01,-6.28371302900044881e+00,-6.54379079892758586e+00,-9.72784918989447611e+00,-8.89230686863904651e+00,-1.64681218001531633e+01,-2.41412020907519320e+01,-1.69493981870363868e+01,

8,15
1.16056875290793715e+00,1.10079183692020233e+00,3.52112957652618019e-02,3.56125147897040292e-02,7.25774714252336861e-02,1.16393545742488302e+00,6.18675358231320083e-02,3.55623268357595640e-02,3.19062234930066399e-02,4.29732211088572680e-01,4.41531216025336903e-01,4.78261404003189006e-01,1.40728966954589110e-03,3.07772659773197137e-03,6.14024490249261840e-03,
1.18423216981156942e+00,1.09440017447532001e+00,4.86680527821107892e-02,4.35463972807346028e-02,6.98949844854613311e-02,1.23282165725151294e+00,4.28865436278761503e-01,9.44059162954493797e-02,1.01994792648233967e-01,2.90136858458245953e-02,4.48917413517830877e-01,4.80688108055695174e-01,4.82404656796301456e-01,3.74180639212096100e-03,7.11065280772487946e-03,
1.25789073505830218e+00,1.08757659021536046e+00,3.84621921597620570e-02,6.65636364555713955e-02,7.02984771909431483e-02,1.25305344435966637e+00,3.16499821233089529e+00,4.56891968910361712e-01,8.46573375259143890e-01,4.61258988539573145e-01,4.26058900302182103e-02,4.78167001712687556e-01,1.97574742986617296e-03,5.02606363819306901e-01,7.34138615536540640e-03,
1.34608559215467105e+00,1.08740512332322914e+00,6.51162297092668652e-02,8.63859316679123218e-02,8.30997195589084220e-02,1.29045599894346985e+00,1.85314608971969097e+00,1.99612771496393471e+00,1.72856364739870543e+01,2.10056421231816955e-02,4.12452776095601631e-02,4.79813402025987989e-01,5.22810724868652432e-01,5.27788896688252462e-01,8.45402520198776201e-03,
1.39467822230891336e+00,1.08019945943506768e+00,1.93586882141840860e-01,4.09867149618105830e-01,6.09643839384867769e-01,1.81217243443095821e+00,7.45396061758975548e-02,1.48820443014941795e-01,3.20104444226457452e-01,4.70254230950266028e-01,4.64956666472112368e-01,8.32872892021834926e-02,1.91510769090754828e-03,3.92761334771887100e-03,5.66293382369703724e-01,
2.25272832213735938e+01,2.53314971136020333e+01,1.32802459537926287e+00,6.98469425899928709e+00,4.45364449518457928e+00,3.10703611982146981e+01,2.32180279045438853e+00,6.89336579854660414e+00,2.58121871948611226e+00,5.80460948575487201e+00,8.56995223597611044e+00,7.39895577984988861e+00,5.24941341304965992e+00,1.69452399771064699e+00,5.19967074566447529e+00,
2.12026998245667322e+01,1.40839727903259835e+01,1.34083995128591180e+01,3.60746145360947290e+00,3.07768657992201504e+01,2.82540687628017650e+01,5.78137472039275924e+00,4.57478361285213353e+00,1.71125313614545926e+00,5.88892848558503701e+00,7.03878378346143663e+00,4.56136162339889939e+00,2.24173748453781130e+00,4.98049637168884729e+00,4.59788253555142212e+00,
9.58357952359140910e+01,1.69578766130398222e+01,1.13727735020324534e+01,7.47842926638117333e+00,1.03782974074291143e+01,8.48662441298226042e+01,8.18125184374715531e+00,7.46301549228523697e+00,1.19539079304320524e+01,1.47605139543059085e+01,4.89844832515909090e+00,2.24247739016715890e+01,2.32277276819417722e+01,2.26806568345226687e+01,1.54945754033377057e+01,

