1
1
15
0
(8 0
((0,0,0) (7,7,7) (0,0,0))
((8,0,0) (15,7,7) (0,0,0))
((0,8,0) (7,15,7) (0,0,0))
((8,8,0) (15,15,7) (0,0,0))
((0,0,8) (7,7,15) (0,0,0))
((8,0,8) (15,7,15) (0,0,0))
((0,8,8) (7,15,15) (0,0,0))
((8,8,8) (15,15,15) (0,0,0))
)
8
FabOnDisk: Cell_D_00000 0
FabOnDisk: Cell_D_00000 61527
FabOnDisk: Cell_D_00000 123055
FabOnDisk: Cell_D_00000 184583
FabOnDisk: Cell_D_00000 246112
FabOnDisk: Cell_D_00000 307640
FabOnDisk: Cell_D_00000 369169
FabOnDisk: Cell_D_00000 430698

8,15
-3.20428009698186338e+08,-2.89575861791268015e+09,-2.16728521000688232e+11,-1.06709343001751000e+15,-7.83263448477415400e+15,-3.21618662761086655e+09,-4.06505978527336500e+14,-3.90084856325560250e+15,-5.43200944044276562e+14,-1.20310911790983006e+07,-6.15587531092272699e+07,-2.81789117030905411e+07,-4.21973576728171706e+07,-1.72117576515434347e+07,-3.99590515996520827e+06,
-2.07967651660443854e+09,-2.16647380193011246e+10,-1.75980141974730752e+17,-1.49308491390798976e+17,-6.67756590813513856e+17,-2.15278613710698471e+10,-7.31792587862021632e+17,-3.40797615675028840e+16,-2.90182959694727782e+18,-5.38109163576116180e+09,-2.62558804216751963e+08,-1.31564099704647207e+09,-6.19705252881802440e+08,-2.31377057533611476e+08,-4.31088042315830529e+08,
-8.12647350500557232e+09,-8.50032892154401550e+10,-1.42404563122258500e+16,-2.54263679213126615e+20,-4.79845357882583552e+18,-8.56706156503239899e+10,-2.07272667121837560e+16,-5.35268329228217876e+19,-1.59967668477594931e+18,-1.11608064476736755e+10,-2.14353483675453911e+10,-4.40447027564277744e+09,-2.71652134266697264e+09,-2.65677758743745422e+09,-1.01470348943146420e+09,
-9.65878069515193939e+10,-4.21498511372217773e+11,-1.52280214064936813e+20,-3.17698051055922381e+20,-6.49087452622645985e+19,-4.20826833048117065e+11,-3.66197246606325801e+19,-2.14594680665148522e+20,-3.30066648099977757e+20,-8.84785499684564514e+10,-1.22344219102319092e+11,-3.52937820262527466e+10,-2.31003065040222816e+10,-2.50938997898952942e+10,-4.20634924994460297e+09,
-9.00250863774380565e+08,-2.81799313186478972e+08,-5.00210198239457969e+13,-3.65443912378994609e+13,-1.67926966427100450e+15,-8.63403836406633973e+08,-7.43355717845324414e+12,-3.68934941503592773e+11,-1.42038073670157738e+10,-6.32917979060023371e+06,-5.53179048139419407e+06,-6.51534453516179770e+07,-1.48060075519299470e+07,-1.48292423125376049e+07,-2.03894006911814749e+08,
-1.37113235297320890e+09,-5.76630064153111744e+09,-2.34285508925083232e+17,-1.32697782259184280e+16,-5.62718716077256832e+17,-4.98157825331470013e+09,-1.88117690443064384e+17,-1.10995730680770060e+16,-1.83616006697510719e+14,-1.22819594718322420e+09,-1.92249173941696191e+09,-1.22503332044087648e+09,-2.49075040234584272e+08,-4.82142096642170072e+08,-3.78536725222542405e+08,
-7.95185272001347351e+09,-4.01250383691196671e+10,-4.94235876883274200e+15,-1.05139017512692818e+19,-9.44402336505465856e+18,-3.77127571659757538e+10,-1.91793542592296560e+16,-1.17868580218567014e+18,-1.09457008434317328e+17,-9.91229214090457439e+08,-8.91588476281016541e+09,-7.71955091572340965e+09,-3.83237894266694129e+08,-1.76685454750646901e+09,-1.48825144542635012e+09,
-1.42928527452912006e+10,-5.73800254318415222e+10,-1.83307143195682140e+19,-2.21552739643236884e+19,-1.71925760639587226e+18,-5.45586079672576370e+10,-2.59709045876711752e+19,-1.25106802917732172e+20,-2.59718158125722304e+17,-1.19377427936464767e+10,-1.06646445303508911e+10,-7.46229401733185673e+09,-4.37423913672007084e+09,-4.02745054660557270e+09,-4.38123751576707935e+09,

8,15
3.81463992890289068e+08,2.68132553475028902e+08,1.09151748061554812e+15,1.23342166918550422e+14,6.85554225619212402e+11,2.66430010003888518e+08,2.05346916188934906e+11,4.64692990794609600e+15,2.65636267762654350e+15,2.04533949757804349e+07,2.97126618326295540e+07,2.75665804102277309e+07,4.38956028760513640e+05,1.01897438430578843e+08,3.38242369804123864e+07,
1.12348310600671601e+09,2.27563096312633934e+10,3.70293906498357632e+17,1.42729670422324976e+17,1.87799341692587776e+17,2.27461142118668480e+10,2.17519644372713600e+18,1.84126221701684634e+18,1.16976062484326630e+18,5.06256098914113331e+09,6.18948014850062013e+08,3.81988542820298731e+08,2.22140870064004362e+08,3.34856213684763551e+08,1.44686856125509501e+08,
3.21067546180442314e+10,1.00412311180317078e+11,2.01900319332831550e+15,1.54873150528051021e+18,9.81743734122936730e+19,1.32519065798361313e+11,4.91493277055533900e+15,4.19553062344648786e+19,5.75501088966053396e+19,5.55701610935098267e+09,2.75817392044400520e+10,7.99813479033730316e+09,9.02941434025328636e+08,7.82168644812748814e+09,7.44481697385111570e+08,
3.13825975637343216e+10,2.08986293245295715e+11,7.23138134956271698e+19,7.57360433520117678e+19,4.05566016374400451e+19,2.14672972635819733e+11,2.42370704097437090e+20,2.25828688962107376e+20,1.74340980829464461e+20,4.91742312322892914e+10,4.71334352521851196e+10,2.32167939747304268e+10,3.57002921902597332e+09,1.15971233215376625e+10,2.77829736344879436e+09,
1.33372804975652501e+08,5.77482321047875062e+07,2.18356311141190594e+14,1.87064421877422688e+14,4.32154484276344070e+10,1.50996814331838161e+08,4.65986571352656250e+13,7.50701712408180750e+14,3.98707675707738562e+14,3.13090161083587483e+07,3.13110579080863036e+07,1.48274679620188661e+07,9.99961237563294321e+07,1.00053005414924532e+08,3.44192749453229532e+07,
4.34148890661433125e+09,1.73023698797109528e+10,2.03924465510440600e+16,7.40608501006099040e+16,2.52936276766461184e+17,1.86303632092031059e+10,1.19560358224296720e+17,7.06322352369450368e+17,7.04666393291488768e+17,3.84655504872908020e+09,6.40474533501587510e+08,3.90200079874665499e+09,7.21379887847751260e+08,1.53973372343610942e+08,1.06467462325867605e+09,
4.58790318358271599e+09,8.92217626194210434e+09,3.74068740140314750e+15,1.71878322258342093e+18,1.28716136199614285e+18,1.07529610781239777e+10,2.11526634108560200e+16,2.36304268461751424e+17,1.01416894784520272e+17,4.45834039447729301e+09,4.45833817608544731e+09,9.93281170285566092e+08,8.83642573777514458e+08,1.29769421986418653e+09,1.01922499838718104e+09,
1.76094898537444077e+10,1.51632276776002350e+11,1.15809886182726676e+19,3.46104783207414047e+19,1.56634048085135790e+19,1.60761098250041046e+11,3.19796813167240765e+19,4.96539738187945677e+18,2.42578088672815063e+19,3.36960557018241348e+10,4.00183034980051880e+10,3.75921782068780060e+10,3.57655949722650385e+09,4.28995320912366962e+09,3.01974935783843994e+09,

