1
1
1
0
(8 0
((0,0,0) (7,7,7) (0,0,0))
((8,0,0) (15,7,7) (0,0,0))
((0,8,0) (7,15,7) (0,0,0))
((8,8,0) (15,15,7) (0,0,0))
((0,0,8) (7,7,15) (0,0,0))
((8,0,8) (15,7,15) (0,0,0))
((0,8,8) (7,15,15) (0,0,0))
((8,8,8) (15,15,15) (0,0,0))
)
8
FabOnDisk: Cell_D_00000 0
FabOnDisk: Cell_D_00000 4182
FabOnDisk: Cell_D_00000 8365
FabOnDisk: Cell_D_00000 12548
FabOnDisk: Cell_D_00000 16732
FabOnDisk: Cell_D_00000 20915
FabOnDisk: Cell_D_00000 25099
FabOnDisk: Cell_D_00000 29283

8,1
5.67167826899435332e-02,
2.43474014457253120e-02,
8.48865305086410685e-03,
2.76068045377288141e-03,
1.92502139302911236e-03,
2.79818457363603516e-04,
-4.32625267779689928e-04,
-8.18590182692853475e-04,

8,1
1.05509607909148606e+00,
1.05609884507819474e+00,
1.05608827009792439e+00,
1.05562479189820224e+00,
1.05573783976028190e+00,
1.05527901893832388e+00,
1.05444954094006360e+00,
1.05292961730474288e+00,

