1
1
15
0
(8 0
((0,0,0) (7,7,7) (0,0,0))
((8,0,0) (15,7,7) (0,0,0))
((0,8,0) (7,15,7) (0,0,0))
((8,8,0) (15,15,7) (0,0,0))
((0,0,8) (7,7,15) (0,0,0))
((8,0,8) (15,7,15) (0,0,0))
((0,8,8) (7,15,15) (0,0,0))
((8,8,8) (15,15,15) (0,0,0))
)
8
FabOnDisk: Cell_D_00000 0
FabOnDisk: Cell_D_00000 61527
FabOnDisk: Cell_D_00000 123055
FabOnDisk: Cell_D_00000 184583
FabOnDisk: Cell_D_00000 246112
FabOnDisk: Cell_D_00000 307640
FabOnDisk: Cell_D_00000 369169
FabOnDisk: Cell_D_00000 430698

8,15
1.0835803563494359e-01,8.6057382435466867e-01,-1.6224087617604209e-02,-1.6224087617604164e-02,-1.6224087617604219e-02,9.7249016273243627e-01,-3.8887776871415003e-03,-3.8887776871415172e-03,-3.8887776871415203e-03,-0.0000000000000000e+00,0.0000000000000000e+00,-0.0000000000000000e+00,-0.0000000000000000e+00,-0.0000000000000000e+00,0.0000000000000000e+00,
1.0833612232900296e-01,8.6181552278027695e-01,-1.6043496763104838e-17,-1.6415366746310792e-02,-1.6415366746310854e-02,9.7242028330858132e-01,-2.4276284825951355e-03,-4.2102619479921916e-03,-4.2102619479922323e-03,-0.0000000000000000e+00,-0.0000000000000000e+00,-0.0000000000000000e+00,-0.0000000000000000e+00,-0.0000000000000000e+00,0.0000000000000000e+00,
1.0833612232900293e-01,8.6181552278027707e-01,-1.6415366746310837e-02,-2.7063492472809215e-17,-1.6415366746310826e-02,9.7242028330858121e-01,-4.2102619479922132e-03,-2.4276284825951351e-03,-4.2102619479922193e-03,-0.0000000000000000e+00,-0.0000000000000000e+00,-0.0000000000000000e+00,-0.0000000000000000e+00,-0.0000000000000000e+00,0.0000000000000000e+00,
1.0832114194876576e-01,8.6262397057110096e-01,-1.7923097888707550e-17,-2.2826609574575356e-17,-1.5960164779501372e-02,9.7094511251986670e-01,-2.2925263256951748e-03,-2.2925263256951788e-03,-3.8730340480490595e-03,-0.0000000000000000e+00,0.0000000000000000e+00,-0.0000000000000000e+00,-0.0000000000000000e+00,0.0000000000000000e+00,-0.0000000000000000e+00,
1.0833612232900294e-01,8.6181552278027718e-01,-1.6415366746310837e-02,-1.6415366746310819e-02,-2.4639886993500510e-17,9.7242028330858132e-01,-4.2102619479922349e-03,-4.2102619479922236e-03,-2.4276284825950696e-03,-0.0000000000000000e+00,-0.0000000000000000e+00,-0.0000000000000000e+00,-0.0000000000000000e+00,-0.0000000000000000e+00,0.0000000000000000e+00,
1.0832114194876571e-01,8.6262397057110107e-01,-2.2049549218825786e-17,-1.5960164779501358e-02,-3.2166447034801932e-17,9.7094511251986682e-01,-2.2925263256951744e-03,-3.8730340480490335e-03,-2.2925263256951744e-03,-0.0000000000000000e+00,0.0000000000000000e+00,-0.0000000000000000e+00,-0.0000000000000000e+00,-0.0000000000000000e+00,-0.0000000000000000e+00,
1.0832114194876574e-01,8.6262397057110096e-01,-1.5960164779501372e-02,-3.3089500232655434e-17,-2.6899261623375047e-17,9.7094511251986670e-01,-3.8730340480490622e-03,-2.2925263256951978e-03,-2.2925263256952100e-03,-0.0000000000000000e+00,-0.0000000000000000e+00,-0.0000000000000000e+00,-0.0000000000000000e+00,-0.0000000000000000e+00,-0.0000000000000000e+00,
1.0830229712493729e-01,8.6109786235502983e-01,-2.0506897504023644e-17,-3.4909710982850972e-17,-2.4966554149810358e-17,9.6940015947996716e-01,-2.4496115641328936e-03,-2.4496115641329170e-03,-2.4496115641329365e-03,-0.0000000000000000e+00,-0.0000000000000000e+00,-0.0000000000000000e+00,-0.0000000000000000e+00,0.0000000000000000e+00,-0.0000000000000000e+00,

8,15
1.1621143755016741e-01,8.9794360282599739e-01,3.1474438824799001e-17,1.7725788784378762e-17,3.4062631213500090e-17,1.0133018623828314e+00,2.4276284825951217e-03,2.4276284825951273e-03,2.4276284825950839e-03,-0.0000000000000000e+00,0.0000000000000000e+00,-0.0000000000000000e+00,-0.0000000000000000e+00,-0.0000000000000000e+00,0.0000000000000000e+00,
1.1651097139535024e-01,8.9818574077049762e-01,1.6224087617604206e-02,2.3954895184696829e-17,2.0078425224644128e-17,1.0136681668165601e+00,3.8887776871414904e-03,2.2925263256951905e-03,2.2925263256951970e-03,-0.0000000000000000e+00,-0.0000000000000000e+00,-0.0000000000000000e+00,-0.0000000000000000e+00,-0.0000000000000000e+00,0.0000000000000000e+00,
1.1651097139535023e-01,8.9818574077049751e-01,2.0584434039960860e-17,1.6224087617604199e-02,2.6414386888263340e-17,1.0136681668165601e+00,2.2925263256951848e-03,3.8887776871415229e-03,2.2925263256951965e-03,-0.0000000000000000e+00,-0.0000000000000000e+00,-0.0000000000000000e+00,-0.0000000000000000e+00,-0.0000000000000000e+00,0.0000000000000000e+00,
1.1629905462834525e-01,8.9840322395170080e-01,1.6415366746310816e-02,1.6415366746310833e-02,2.9553355616372592e-17,1.0139964223088984e+00,4.2102619479922002e-03,4.2102619479922193e-03,2.4496115641329166e-03,-0.0000000000000000e+00,0.0000000000000000e+00,-0.0000000000000000e+00,-0.0000000000000000e+00,0.0000000000000000e+00,-0.0000000000000000e+00,
1.1651097139535023e-01,8.9818574077049751e-01,1.9507848483533252e-17,1.4783932196100301e-17,1.6224087617604223e-02,1.0136681668165601e+00,2.2925263256952052e-03,2.2925263256951935e-03,3.8887776871415389e-03,-0.0000000000000000e+00,-0.0000000000000000e+00,-0.0000000000000000e+00,-0.0000000000000000e+00,-0.0000000000000000e+00,0.0000000000000000e+00,
1.1629905462834526e-01,8.9840322395170080e-01,1.6415366746310858e-02,1.4454931940112254e-17,1.6415366746310844e-02,1.0139964223088984e+00,4.2102619479922401e-03,2.4496115641329287e-03,4.2102619479922167e-03,-0.0000000000000000e+00,0.0000000000000000e+00,-0.0000000000000000e+00,-0.0000000000000000e+00,-0.0000000000000000e+00,-0.0000000000000000e+00,
1.1629905462834526e-01,8.9840322395170080e-01,1.9120600025515641e-17,1.6415366746310816e-02,1.6415366746310826e-02,1.0139964223088984e+00,2.4496115641329192e-03,4.2102619479922228e-03,4.2102619479922271e-03,-0.0000000000000000e+00,-0.0000000000000000e+00,-0.0000000000000000e+00,-0.0000000000000000e+00,-0.0000000000000000e+00,-0.0000000000000000e+00,
1.1607017827977632e-01,8.9716807643519880e-01,1.5960164779501382e-02,1.5960164779501372e-02,1.5960164779501376e-02,1.0122359437470390e+00,3.8730340480490444e-03,3.8730340480490630e-03,3.8730340480490565e-03,-0.0000000000000000e+00,-0.0000000000000000e+00,-0.0000000000000000e+00,-0.0000000000000000e+00,0.0000000000000000e+00,-0.0000000000000000e+00,

