1
1
15
0
(8 0
((0,0,0) (7,7,7) (0,0,0))
((8,0,0) (15,7,7) (0,0,0))
((0,8,0) (7,15,7) (0,0,0))
((8,8,0) (15,15,7) (0,0,0))
((0,0,8) (7,7,15) (0,0,0))
((8,0,8) (15,7,15) (0,0,0))
((0,8,8) (7,15,15) (0,0,0))
((8,8,8) (15,15,15) (0,0,0))
)
8
FabOnDisk: Cell_D_00000 0
FabOnDisk: Cell_D_00000 61527
FabOnDisk: Cell_D_00000 123055
FabOnDisk: Cell_D_00000 184583
FabOnDisk: Cell_D_00000 246112
FabOnDisk: Cell_D_00000 307640
FabOnDisk: Cell_D_00000 369169
FabOnDisk: Cell_D_00000 430698

8,15
7.4904720570863961e-02,7.6478318082546970e-01,8.3153685536899828e-03,1.6715298011725943e-02,2.9270661266922210e-02,9.0938147265559288e-01,9.0484048785648401e-03,1.7199236094162584e-02,2.8091027005863505e-02,-2.2929156982221560e-02,-1.0941921136194517e-01,-5.5479927255264294e-02,-4.0679359171896454e-02,-1.4170363663626598e-02,-4.5514664491530955e-04,
7.4362514931381268e-02,5.5263451853990064e-01,8.5005078194274712e-03,1.3438132925911582e-02,2.5788100477732584e-02,8.1014855353442972e-01,7.4977326135122323e-03,1.4983331697473996e-02,2.7649142091324640e-02,-9.1483866603554370e-02,-2.0291916095424362e-01,-1.1235770313516219e-01,-4.8580571813569021e-02,-3.5063055365822271e-02,-9.6525446209600168e-04,
7.4632114272505698e-02,4.3313193810651895e-01,6.1309249643253750e-03,1.5113626166681137e-02,2.5421603847608398e-02,7.8669303615786645e-01,7.4260596932093975e-03,1.7696849162001271e-02,2.5938232244304683e-02,-6.3725720028743937e-02,-1.2312586816605822e-01,-1.3301872124308917e-01,-1.7977318985013083e-01,-7.6106239774462958e-02,-4.1390594689787261e-04,
7.5220841496720287e-02,1.0690319173019400e-01,6.4383242314235648e-03,1.2155448508318659e-02,2.0378300589720080e-02,7.8383584656918093e-01,5.2334991178120942e-03,1.4293271005702110e-02,2.3066611896555143e-02,-1.9370040697402516e-01,-1.8891444005406249e-01,-2.2787899844140505e-01,-2.0359020801328087e-01,-2.1165721011712549e-01,-1.5089433663997599e-03,
7.4731591381226203e-02,7.3396967075607167e-01,6.5140418387279533e-03,1.7187789841879918e-02,2.5878698606783341e-02,8.9204685284348439e-01,7.5979485660795602e-03,1.5624146832077759e-02,2.8099649204477373e-02,-2.6751115400358183e-02,-1.2522985509966400e-01,-1.4740008241205270e-02,-5.1164221269060929e-02,-1.5971386569899021e-02,-2.2373981039974251e-02,
7.4367975835159264e-02,4.8936902983144515e-01,7.3980098906070548e-03,1.4127911392453375e-02,2.5910077163939803e-02,7.9367726571346675e-01,7.0545281632316634e-03,1.4268617378470695e-02,2.7429912175044143e-02,-1.0554404588664909e-01,-2.2208834987620199e-01,-3.1557845900520312e-02,-6.1198952058286439e-02,-4.0999235414287558e-02,-6.2770643391801273e-02,
7.4419178627154553e-02,3.7203769274259763e-01,5.8139575547921105e-03,1.4394992488949161e-02,2.2831966617979205e-02,7.8366455613232489e-01,4.5532239084921430e-03,1.4427967220863728e-02,2.3009970637167757e-02,-7.3587292200518975e-02,-1.3553696328020293e-01,-2.3623336572529005e-02,-2.1923324208850570e-01,-9.2582127371753156e-02,-9.4829288225946051e-02,
7.5335047518374484e-02,6.9458819949580045e-02,5.5098064802193139e-03,1.2849279607618651e-02,2.0284960866048213e-02,7.8161532519697863e-01,4.4424421331731856e-03,1.1518326685132864e-02,1.9548507992914251e-02,-2.1141063789263098e-01,-1.8862284580857303e-01,-3.4768420537192882e-02,-2.3765473074838545e-01,-2.5092244001414210e-01,-2.4888230250637514e-01,

8,15
1.4459829183012324e-01,9.6490028873424394e-01,1.1911349216771588e-02,2.1967137401190630e-02,3.2177081876712810e-02,1.0398050093051079e+00,1.3868087099971414e-02,2.1767275861431786e-02,3.2165005667318398e-02,8.7338092491179659e-02,4.3273875996318281e-02,1.4841766520644339e-03,7.1380401228256646e-03,5.1122955529598148e-02,2.2691321019427602e-02,
2.5751403499452907e-01,9.6649843220893927e-01,1.2140596235137186e-02,2.1984933493044163e-02,3.2285191931674589e-02,1.0408609471403205e+00,1.4696511605274729e-02,2.1924565777704724e-02,3.1979425603912065e-02,8.6122513898879663e-02,9.3478272842003121e-02,3.3966173072911970e-03,4.8607495194136624e-02,1.4431508322600489e-01,6.4255619585343454e-02,
3.5356109805134750e-01,9.6564538265340694e-01,1.2360232710255978e-02,2.1843729714476085e-02,3.1852665177366700e-02,1.0402774969259125e+00,1.4777963592918152e-02,2.2546048372627071e-02,3.1554917766398807e-02,1.9932671682100214e-01,1.2182329912343255e-01,1.4507669622375735e-03,2.2214188218496245e-02,7.4497165401625112e-02,9.3514795439105472e-02,
8.7563124387610980e-01,9.6378517628090821e-01,1.2795729239315885e-02,2.1610351689390718e-02,3.1661563823587036e-02,1.0390226664295010e+00,1.5685919258572909e-02,2.3611992815153034e-02,3.1953899362162350e-02,1.4627962195404109e-01,2.0790014461191100e-01,5.1627012808457273e-03,1.9826374740443520e-01,2.1092226693198368e-01,2.5348572518946810e-01,
1.5807718208741267e-01,9.6554051798514773e-01,1.2048108102114029e-02,2.1215443776613767e-02,3.1966159356076607e-02,1.0402721093663740e+00,1.3288241683153719e-02,2.1352242341883966e-02,3.2825756924167004e-02,1.0262447187399888e-01,4.8462193661701305e-02,5.6556279273162924e-02,8.3869942652675701e-03,6.2714815305833116e-02,7.2458852091758412e-03,
3.0430823588202166e-01,9.6659875025557118e-01,1.2741225888375072e-02,2.1667732297932226e-02,3.1651814458161918e-02,1.0409677279996639e+00,1.4063659177060858e-02,2.1044302247624574e-02,3.3225860394041212e-02,9.8571117768412167e-02,1.0639639526806606e-01,1.1354692292988185e-01,6.0927659794712055e-02,1.7889832253903759e-01,2.5307174628375839e-02,
4.1328942603303581e-01,9.6643030746710190e-01,1.2439054716716851e-02,2.1211696434769878e-02,3.0588533000485117e-02,1.0408494860942565e+00,1.2971069931696652e-02,2.1612865915279646e-02,3.2600339691634866e-02,2.1560324308470183e-01,1.3620972712095647e-01,1.4471960330889558e-01,2.6244607669432280e-02,9.0447694570848253e-02,2.3295782421677642e-02,
1.0091685348704704e+00,9.6351049664454114e-01,1.2623783777514668e-02,2.0791663806356567e-02,3.0075610844825726e-02,1.0786273548200505e+00,1.3403205789323639e-02,2.1407448916066468e-02,3.2771286572519383e-02,1.4907139952340909e-01,2.2555351416845162e-01,2.3071669195844707e-01,2.2915471582197214e-01,2.5019376209354993e-01,6.0659405900236954e-02,

