1
1
15
0
(8 0
((0,0,0) (7,7,7) (0,0,0))
((8,0,0) (15,7,7) (0,0,0))
((0,8,0) (7,15,7) (0,0,0))
((8,8,0) (15,15,7) (0,0,0))
((0,0,8) (7,7,15) (0,0,0))
((8,0,8) (15,7,15) (0,0,0))
((0,8,8) (7,15,15) (0,0,0))
((8,8,8) (15,15,15) (0,0,0))
)
8
FabOnDisk: Cell_D_00000 0
FabOnDisk: Cell_D_00000 61527
FabOnDisk: Cell_D_00000 123055
FabOnDisk: Cell_D_00000 184583
FabOnDisk: Cell_D_00000 246112
FabOnDisk: Cell_D_00000 307640
FabOnDisk: Cell_D_00000 369169
FabOnDisk: Cell_D_00000 430698

8,15
-3.59531880621580868e-01,-6.70744801784468514e+00,-7.40853052591080141e-01,-1.89772193614313767e+00,-1.53112603067798436e+00,-5.88356671921386720e+00,-9.65303353165773648e-01,-1.62323098905578100e+00,-2.82699805691691786e-01,-1.42130607403373110e+00,-1.72400784855027434e+00,-4.33566338333151879e+00,-1.35555882267444572e+00,-8.85424023119516179e-01,-8.26879107907694699e-01,
-5.41996286486139134e+00,-9.58114360028317158e+00,-2.59796268496898008e+00,-4.97470574483373440e+00,-6.00692173827716047e+00,-9.88778506645705058e+00,-4.35075101819968113e-01,-1.30947747594770036e+00,-1.70698085548337919e+00,-2.19415409473164313e+00,-1.69593198644013854e+00,-2.46375403618953559e+00,-1.35344417524113680e+00,-1.00357012203054952e+00,-3.85613349564242702e-01,
-4.20274137497723910e+00,-1.55333814773506962e+01,-5.39133100512015329e+00,-3.24340627968211450e+01,-1.72072655300941548e+01,-1.83757243239086137e+01,-2.69366993405358146e+00,-4.38616067155454825e+00,-1.70062508130987666e+01,-3.27903840837115546e+00,-6.62672954967243388e+00,-6.60912108458851311e+00,-2.12220664995094976e+00,-2.13165114441253678e+00,-1.07618612538341218e+00,
-6.09477144612387800e+00,-9.93499342064993698e+02,-2.92463198026916960e+00,-1.05519604302042520e+01,-4.30571048191776029e+00,-9.99117685102643122e+02,-2.10193883976054593e+02,-2.88647310504998700e+02,-2.32696300396121273e+02,-2.00767995588192264e+02,-2.76016366702870641e+02,-1.98005207096676742e+02,-2.61160702412192336e+00,-4.22947282607911568e+00,-3.24778002426705292e+00,
-1.23323391794320667e+01,-1.03297579497254386e+01,-6.10052725913175564e+00,-2.14648772559988599e+00,-2.87288174920640094e+00,-1.36552027979075827e+01,-2.44868004161461750e+00,-3.49536182416322561e+00,-9.73566344569925946e+00,-2.38836502263420991e+00,-2.16649473517892144e+00,-4.29723202341218968e+00,-2.51917093073741416e+00,-2.34203282506283905e+00,-4.88566521451121805e+00,
-1.49814593609890974e+01,-3.31193346954098815e+04,-6.23600965663532315e+03,-4.14348123448583124e+02,-3.18051499464338622e+03,-3.31201744651361805e+04,-2.03360357299881866e+03,-5.05461242178735665e+03,-1.34222492757601799e+03,-8.12477883950399337e+03,-6.36386416537020796e+03,-6.28604772821278493e+03,-4.61736960355214610e+00,-2.97915889021493197e+00,-1.11792391052527869e+01,
-7.44693637802012773e+01,-1.46762025005787279e+02,-1.32687444345130899e+02,-2.36428925258521986e+02,-2.29978130968361000e+02,-1.49020657255571336e+02,-1.10904834742446070e+02,-7.74197341573054928e+02,-2.09408885343437987e+03,-3.17263718208720178e+01,-2.90378042476323799e+01,-3.57119203239143914e+01,-5.71717977425234203e+00,-1.64496860715118913e+01,-2.04767899204951433e+01,
-1.58508299528087400e+03,-1.77053133604686764e+03,-6.42692457390174695e+02,-2.73283732073817873e+02,-7.01367739640767695e+02,-1.78174538182312381e+03,-1.37549766282652104e+03,-1.36334208922374728e+03,-1.61606759943525481e+03,-4.58463619045544874e+02,-4.10199299305145644e+02,-3.86560563644920762e+02,-3.62902284160604950e+02,-3.27042857876954486e+02,-3.69588671483554208e+02,

8,15
2.79664940037282284e+00,3.37816216115676315e+00,6.56954762460745911e-01,1.61044674912410057e+00,9.74199365737198120e-01,4.31723836399163829e+00,1.08469388869665351e+00,3.12683449321668316e+00,5.77086981947742306e+00,9.92955103250272253e-01,2.50067565660227320e+00,1.04832147208312643e+00,9.62373392833181018e-01,7.51448323477807212e-01,1.23608830991562613e+00,
6.68153472791878222e+00,4.53224023195961312e+00,2.19286574376882371e+00,1.38744778411435910e+00,3.58134360243100147e+00,6.37704599788195470e+00,2.97354726612638176e+00,2.26232053165953628e+00,5.47001593573420664e+00,1.96643238650958141e+00,2.27894125289013427e+00,4.74111242842614899e+00,1.70653793698961498e+00,1.22141303033110882e+00,2.53588609352580940e+00,
1.78659411241996047e+01,2.41970276343452078e+01,1.91637024257899746e+01,2.62401570357898386e+01,3.44928499530626027e+01,2.83514878168429760e+01,3.32066328829675399e+01,6.07919856352598131e+01,2.50088862527408651e+01,4.21366970358182780e+00,6.04059564517944736e+00,4.73799900709545252e+00,5.64859615916283175e+00,4.76067418159713363e+00,7.52113712774102527e+00,
4.74129188487102837e+00,3.99613199424333345e+02,1.66891343296303774e+01,1.57621118258248600e+01,1.16566162706248910e+01,3.97202315206034314e+02,3.26104238420689910e+02,6.32913144067542135e+02,2.87611996389999035e+02,1.24773995662460322e+02,1.17110009072903381e+02,6.13924094280962720e+01,2.41741526590885281e+00,4.04723005985504791e+00,2.70265495817406176e+00,
4.83575239543632129e+00,7.86129001154824181e+00,4.53284438613277629e+00,2.32193432146410306e+00,6.32806488262075018e+00,7.18787858700980387e+00,6.90522337317275348e+00,2.07216998624876680e+01,1.30477058293958272e+01,2.73034930988153945e+00,2.62029795111209873e+00,2.78705900040861332e+00,1.77437282919794659e+00,2.78049167090040061e+00,4.90084057769266490e+00,
1.22912423955817580e+01,1.16963544422307059e+04,1.14845892984876609e+04,4.96514980858092895e+03,9.35998274565813517e+02,1.16961253787552996e+04,5.69893805214057375e+03,7.04245156710408901e+03,1.07234824681951741e+04,3.58445372385862356e+03,3.67829092328857405e+03,3.13920566675619011e+03,4.16314336643285898e+00,3.05955910763529326e+00,5.48848401376384665e+00,
4.19610895913024038e+01,4.60990031489982428e+01,2.12248946877396065e+02,5.04798018016581196e+01,1.89973257967481544e+02,6.21806236965857266e+01,4.43514006442210942e+01,9.20880249462476428e+01,9.20307211397936157e+02,1.57292044050277458e+01,1.55136127630912259e+01,1.71748950600823740e+01,1.13408943869319359e+01,9.16114782368996572e+00,1.04741807255301094e+01,
5.39438360544567672e+02,6.09481050762661653e+02,3.37934073766788401e+02,4.46498761963893003e+02,1.40638609190987245e+03,6.07311698411864427e+02,9.29113583816288156e+02,1.35481330836357120e+03,1.70150255832109588e+03,2.76424448439580942e+02,1.93941635855329707e+02,1.39592064346310366e+02,1.89218259789077024e+02,1.84967133813724786e+02,1.31322448426932198e+02,

