1
1
15
0
(8 0
((0,0,0) (7,7,7) (0,0,0))
((8,0,0) (15,7,7) (0,0,0))
((0,8,0) (7,15,7) (0,0,0))
((8,8,0) (15,15,7) (0,0,0))
((0,0,8) (7,7,15) (0,0,0))
((8,0,8) (15,7,15) (0,0,0))
((0,8,8) (7,15,15) (0,0,0))
((8,8,8) (15,15,15) (0,0,0))
)
8
FabOnDisk: Cell_D_00000 0
FabOnDisk: Cell_D_00000 61527
FabOnDisk: Cell_D_00000 123055
FabOnDisk: Cell_D_00000 184583
FabOnDisk: Cell_D_00000 246112
FabOnDisk: Cell_D_00000 307640
FabOnDisk: Cell_D_00000 369169
FabOnDisk: Cell_D_00000 430698

8,15
-2.26363631392949537e-02,8.72811291686724153e-03,-3.07773074072605946e+00,-7.14386520048490752e+01,-1.13212434715405426e+01,5.33643533016923577e-01,-9.46119069412481306e-02,-2.36567787479565361e-01,-2.45964131910040129e-01,-2.42906210506402820e-02,-1.71436727900362192e-02,-2.82895404672962938e-02,-4.39447352624326604e-01,-3.94895127035053861e-01,-4.59511806444070525e-01,
-4.38737070827313180e-03,6.86358940829224096e-03,-2.26149514717114974e-01,-4.97433060696923390e-01,-3.30356497600402477e-01,5.97010012278298419e-01,-7.75600503496544635e-02,-4.36767098166053969e-01,-3.08778812686148763e-01,-5.04531926630027217e-01,-6.14702634438207829e-03,-8.24308154914112426e-03,-9.30174775824779837e-02,-4.72630315830847636e-01,-4.94196867638820259e-01,
2.65424966878379572e-03,-1.16087889526336387e-02,-4.88574034247512334e-01,-4.54265994364073111e-01,-4.71355221149285186e-01,5.97060099913635733e-01,-1.61341089341159982e-01,-9.27272966528072673e-02,-1.74912357060476142e-01,-1.04643914686320012e-02,-5.21876941876095235e-01,-1.31802799530492676e-02,-5.21464518510151853e-01,-7.15472538367308286e-02,-5.17323701250921975e-01,
1.57609248873019159e-03,-2.33874730289518763e-05,-3.46824469819444592e-01,-3.10813736445912758e-01,-6.94751174481069267e-01,6.04145206556792824e-01,-6.42982465883612964e-01,-2.59224808504703919e-01,-9.53546399743558037e-01,-5.23346463300160880e-01,-5.23911720571825112e-01,-1.22496764904273699e-02,-3.08775160332919914e-02,-6.51646784042103216e-02,-5.58534523773846270e-01,
-2.29209859364832604e-03,1.10408521843685138e-03,-1.13849938404308415e+00,-9.68260558098046897e-01,-3.97274888696633743e-01,5.91421725544635679e-01,-1.25533658142529841e-01,-4.19343369966544310e-01,-7.87803607650924054e-01,-1.51975754089507618e-02,-6.20639000466969605e-03,-5.20113585849299676e-01,-5.43218850216907967e-01,-5.15572419730671472e-01,-1.97214072254516759e-01,
-6.05824351146849131e-03,-1.62237677093328100e-03,-1.85230610372895621e-01,-3.32934182349044316e-01,-1.50136242239994833e-01,5.94781625197298158e-01,-5.54736199665389673e-01,-1.87871354356490894e+00,-2.83041104804549581e-01,-5.36748584272042639e-01,-9.80289498269337756e-03,-5.18891535859729136e-01,-6.90561161175603094e-02,-5.79148525298810668e-01,-1.14832371102687070e-01,
2.37360740244904524e-03,-3.68929449439062418e-02,-3.75823048290948147e-01,-1.16500463840073801e-01,-1.33320647850454166e-01,5.78467482503226771e-01,-3.11153228663579551e+00,-2.78067453774149609e+00,-2.89633243032713894e+00,-1.35833043593731224e-02,-5.45047848493174669e-01,-5.31110255303275491e-01,-6.08721866548693313e-01,-8.36281012569358301e-02,-9.77400810286108285e-02,
-4.52895694248568303e-03,-1.24632159268969426e-02,-1.03776310470702765e-01,-9.68488437820905629e-02,-1.30846853911777528e-01,5.65313104254310583e-01,-2.51461084665222101e+00,-2.27340513712128267e+00,-3.64184802826521636e+00,-5.46597249358491633e-01,-5.42152953020224704e-01,-5.32357319694170550e-01,-4.48343882372094354e-02,-1.12779733714557129e-01,-9.69140768189101220e-02,

8,15
1.09622715723598896e+00,1.12200205730376790e+00,3.57625816917332529e+00,1.42930014067766642e+00,6.62511436941284781e-01,1.12761127697702435e+00,6.08069523377337065e-02,7.24012558521807820e-02,7.98339839785476152e-02,4.41360457480265478e-01,4.01082916591171790e-01,4.42913743755215417e-01,1.61584046828085540e-02,1.27715741389429552e-02,1.27632096868131178e-02,
1.13532672825719860e+00,1.11688154283112495e+00,5.41170946689009558e-01,1.70683302675750270e-01,2.93345435342058869e-01,1.14219031766549084e+00,1.68070136570198703e-01,5.37972698892374909e-02,8.70127543599341635e-02,3.02163796331359272e-02,4.46015679122614916e-01,4.58625131403035846e-01,5.28933529628106136e-01,7.57529453061867464e-03,9.91716072023294051e-03,
1.21058841776495374e+00,1.11891095076461067e+00,2.16804736172906021e-01,3.73096599989422240e-01,2.80424519699201180e-01,1.20616633936950324e+00,5.51348063277246858e+00,1.65474542621438445e+01,3.25098807601619342e+01,4.87198315457391118e-01,3.94101639214948785e-02,4.68664061451041891e-01,3.18473143130094472e-03,5.69135112648554209e-01,7.84937430785980807e-03,
1.19978146493869686e+00,1.11463403534024552e+00,4.82073385216125916e-01,2.89080066354623355e-01,5.17711393567610978e-01,1.20195558041174011e+00,3.85271913604815552e-01,3.04153450546824411e-01,2.53289696020029931e-01,2.53445266742090350e-02,3.19232659091408869e-02,4.76820918629881352e-01,5.70083745997157054e-01,5.85781211116341183e-01,1.08489529145875414e-02,
1.16797753667999515e+00,1.12088617755846065e+00,2.36552212873374829e-01,2.60234467043192197e-01,3.93193167591245840e-01,1.16942587975985646e+00,2.09267615916810201e-01,1.10584323372479032e+00,4.29483779060688575e-01,4.98888235737301566e-01,4.66877924365003638e-01,8.64695452601915299e-02,5.28113444461803319e-03,7.32169911633747707e-03,5.64495403542192853e-01,
1.20817409405173826e+00,1.11616150977169282e+00,4.42129996677977921e-01,2.38488045121036329e-01,4.03905725789046599e-01,1.20859216227455657e+00,5.59257698541764547e-01,7.71594656160614956e-01,4.68586678909192478e-01,2.87909449015740782e-02,4.97228117760324662e-01,4.10707325908680129e-02,5.85433256936838342e-01,9.99369982894975258e-03,5.73997053042758609e-01,
1.28138231764995481e+00,1.11754558380570668e+00,1.87548623924279179e-01,2.85455329898122279e-01,3.92609882161433221e-01,1.25229857980609038e+00,2.26265280233408905e+00,2.20340605011837942e+00,9.02385782489805943e-01,5.28787757425196903e-01,4.28863394603664697e-02,4.32982008034109717e-02,1.20268547420734513e-02,6.01426938280247514e-01,5.88005505562612107e-01,
1.33340319919139061e+00,1.11954084950047217e+00,1.39138728023339775e+00,1.52850426740427880e+00,1.42968975673309373e+00,1.32306094056632562e+00,6.16638875629197791e+00,5.67100154959333658e+00,1.33270187720333411e+00,3.78245936276726119e-02,4.11494003121762736e-02,4.21555620625903710e-02,6.03330242562524099e-01,6.09144112114878955e-01,5.94173593754934171e-01,

