1
1
15
0
(8 0
((0,0,0) (7,7,7) (0,0,0))
((8,0,0) (15,7,7) (0,0,0))
((0,8,0) (7,15,7) (0,0,0))
((8,8,0) (15,15,7) (0,0,0))
((0,0,8) (7,7,15) (0,0,0))
((8,0,8) (15,7,15) (0,0,0))
((0,8,8) (7,15,15) (0,0,0))
((8,8,8) (15,15,15) (0,0,0))
)
8
FabOnDisk: Cell_D_00000 0
FabOnDisk: Cell_D_00000 61527
FabOnDisk: Cell_D_00000 123055
FabOnDisk: Cell_D_00000 184583
FabOnDisk: Cell_D_00000 246112
FabOnDisk: Cell_D_00000 307640
FabOnDisk: Cell_D_00000 369169
FabOnDisk: Cell_D_00000 430698

8,15
6.3264594874968813e-02,8.5891627931131920e-01,5.8930043401427806e-03,1.5904613732166079e-02,2.4935543937428604e-02,9.6185841078374268e-01,6.8739125109984625e-03,1.7914470161169004e-02,2.6681283278136601e-02,-5.3338754568740127e-03,-2.0504606704661560e-02,-6.9949617973203898e-02,-1.8462403041848770e-02,-2.8971370772844229e-02,-3.9643211700774311e-02,
6.3599758320331656e-02,8.0622751198660803e-01,8.7714769508273442e-03,1.5295727778203830e-02,2.3912399847767451e-02,9.2794199634765762e-01,8.8454716672981704e-03,1.7648041938832348e-02,2.6118548349580419e-02,-4.3207451640456952e-02,-2.6317949297972848e-02,-9.2417150339644330e-02,-1.1458303379539601e-02,-4.3634578263996096e-02,-5.9440002358675005e-02,
6.4041627839954485e-02,6.8581267266752255e-01,4.2549193354659252e-03,1.7252620181397279e-02,2.3282204637383404e-02,8.5935498768228913e-01,6.8783626756432530e-03,1.7615067631953942e-02,2.5082425614129138e-02,-9.4940009109391182e-03,-6.8866714245354871e-02,-1.4145696497494936e-01,-5.1729861625009477e-02,-3.3042567137570630e-02,-1.1055379794460425e-01,
6.4827746199524805e-02,5.8046676381766571e-01,8.6581605876800867e-03,1.6780958534977210e-02,2.2637164331530121e-02,8.1231781527789759e-01,7.4573680918393614e-03,1.6880146547961852e-02,2.4179660964638933e-02,-9.0188915311864973e-02,-9.1356027780839122e-02,-1.8297120172469961e-01,-3.1430841570518522e-02,-4.9168843649276407e-02,-1.6541755557999810e-01,
6.4129443732952679e-02,4.3536069499863322e-01,3.0349769992137230e-03,1.3921536085317055e-02,2.5048399257843829e-02,7.7677000075531222e-01,6.5172666314219103e-03,1.5752117710856720e-02,2.4425077052354225e-02,-1.6530429952910028e-02,-7.2438155669918083e-02,-1.2458997571159935e-01,-1.1486741947512868e-01,-1.8235383408428979e-01,-8.0491770542887253e-02,
6.4960364282242347e-02,2.9969398628386490e-01,8.0419542734297984e-03,1.2962120826145916e-02,2.4048819760734703e-02,7.7227883672133912e-01,6.4177184611757167e-03,1.5773917810947110e-02,2.2981955036435419e-02,-1.5003478947096244e-01,-9.6559080747321738e-02,-1.5436662237452309e-01,-6.8724398119065250e-02,-2.5698843208084121e-01,-1.1706744874629843e-01,
6.7154953173340984e-02,1.1917552469889782e-01,3.3607565854064042e-03,1.5674743403889857e-02,2.3734744875547494e-02,7.7199699084399664e-01,6.9983153475404701e-03,1.3249963089124614e-02,2.1396829786023509e-02,-3.3710421250843531e-02,-1.9536073609811813e-01,-2.0215225647414217e-01,-2.5619188190266479e-01,-1.8940150708370521e-01,-1.9708040801855198e-01,
6.9361665101111872e-02,5.2321202758346695e-02,6.9914123288725462e-03,1.4750536755493530e-02,2.2770757596461990e-02,7.6997502851216004e-01,2.0678307006205903e-03,1.1523885617940299e-02,1.9698123654785890e-02,-2.2619073340711540e-01,-2.3277935654903725e-01,-2.4178628529188351e-01,-1.1990256620929948e-01,-2.4243678571125188e-01,-2.5402171713676192e-01,

8,15
1.0294213147242345e-01,9.8977709466513297e-01,1.4475770904496178e-02,2.9160756769919628e-02,4.1968179041885628e-02,1.0530417550682456e+00,1.5021343126477222e-02,2.8542924473796180e-02,4.1046544970421428e-02,4.9208755906220134e-02,7.6263960652995982e-02,1.0360901934602536e-01,1.4398297548777594e-03,5.8887200532104864e-03,2.4148380108014074e-02,
1.2171448436104956e-01,9.8814215199386013e-01,1.6965584062156560e-02,2.9582462262281929e-02,4.2459153336575038e-02,1.0517419103141918e+00,1.4619737275125142e-02,2.8986809266888836e-02,4.1094630946692967e-02,2.7659720910323357e-02,1.0110502792831758e-01,1.3718634048407677e-01,1.6333209221650748e-02,7.6700521225043089e-03,3.4219883847133516e-02,
1.7354231501476658e-01,9.8737915658783026e-01,1.4799452457739634e-02,3.0002848912077648e-02,4.2738474954321030e-02,1.0514369843222100e+00,1.7188471885322989e-02,2.8727390127771219e-02,4.1011707708287964e-02,9.7952293002814300e-02,7.3139103928738569e-02,1.9922688349691359e-01,2.5889498042794019e-03,3.0108315743546294e-02,6.0874289127307669e-02,
2.3185105146023186e-01,9.8439975227746945e-01,1.7939165500884594e-02,3.0195927031675777e-02,4.3251682178861911e-02,1.0492274984769943e+00,1.6534551040135730e-02,2.9660365273187390e-02,4.1100466690207837e-02,4.8358629738844229e-02,9.1909505711433415e-02,2.4327208239376580e-01,4.6869298581511287e-02,4.5932281229332336e-02,8.9667893063341858e-02,
3.4140930575667899e-01,9.8695618917109029e-01,1.5508566395434369e-02,2.9747994275839639e-02,4.1344638924238834e-02,1.0511010727734726e+00,1.5593228210332126e-02,2.8503924184386339e-02,4.1789575560078306e-02,1.5712396294783829e-01,2.0447165245873050e-01,1.2993115860172788e-01,4.7394392636158156e-03,2.4433972942579214e-02,7.4128308721628039e-02,
4.8654610172837220e-01,9.8380390706348753e-01,1.9437172280159634e-02,3.0015991866414689e-02,4.2022672075707826e-02,1.0487642713457299e+00,1.5009679403682497e-02,2.9155916254329204e-02,4.1769489389139935e-02,6.1358179706524248e-02,2.3471276962941992e-01,1.6099187290299583e-01,1.0855285053065880e-01,3.4779941807749494e-02,1.0913134707922729e-01,
8.2266037919830215e-01,9.7577239882288680e-01,1.5998884144160484e-02,3.0677036302950586e-02,4.2180398966867601e-02,1.0429273519962279e+00,1.8847263063769881e-02,2.8730943773244939e-02,4.1692798561994870e-02,2.3145039312158713e-01,1.4130878166136090e-01,2.0486744130499646e-01,1.0455157723402775e-02,1.8476548229432860e-01,1.9014655378214057e-01,
1.0637972685093844e+00,9.6781378908776972e-01,1.8871701655044218e-02,3.0681184059039829e-02,4.2769019096084333e-02,1.1161184712677310e+00,1.8131299643384828e-02,3.0026410888181150e-02,4.1790960159064264e-02,6.3876439093808968e-02,1.4277863327365464e-01,2.1746531169405464e-01,2.5018107527163636e-01,2.5878803193307587e-01,2.6582917698551511e-01,

