1
1
15
0
(8 0
((0,0,0) (7,7,7) (0,0,0))
((8,0,0) (15,7,7) (0,0,0))
((0,8,0) (7,15,7) (0,0,0))
((8,8,0) (15,15,7) (0,0,0))
((0,0,8) (7,7,15) (0,0,0))
((8,0,8) (15,7,15) (0,0,0))
((0,8,8) (7,15,15) (0,0,0))
((8,8,8) (15,15,15) (0,0,0))
)
8
FabOnDisk: Cell_D_00000 0
FabOnDisk: Cell_D_00000 61527
FabOnDisk: Cell_D_00000 123055
FabOnDisk: Cell_D_00000 184583
FabOnDisk: Cell_D_00000 246112
FabOnDisk: Cell_D_00000 307640
FabOnDisk: Cell_D_00000 369169
FabOnDisk: Cell_D_00000 430698

8,15
7.1738980751366421e-02,8.7378768172999832e-01,7.5794603304837529e-03,1.7103230294744580e-02,3.0295344116422471e-02,9.7569013064688825e-01,9.2388244792524030e-03,1.9782301159193300e-02,2.8889199064848783e-02,-7.4972376911623673e-03,-5.5565289431374953e-02,-4.1419624701869828e-02,-1.2710979098812617e-02,-2.2895214985144286e-02,-2.5923490864426845e-03,
7.1575738603645758e-02,8.1556729646571324e-01,8.9985578389249234e-03,1.7755965089835606e-02,3.0033732470332631e-02,9.3798854303592694e-01,9.4953779089151681e-03,1.9292788248386587e-02,2.8280329732724926e-02,-3.4815977282909541e-02,-9.0991800191978278e-02,-7.1036916812928536e-02,-1.1551197970849860e-02,-4.3533291370925320e-02,-4.0402284694969247e-03,
7.1750554358961688e-02,5.5098258570405700e-01,6.4894437947581648e-03,1.7511979851318304e-02,2.7920007039911567e-02,8.0929109465870930e-01,8.1606318713307920e-03,2.0175570279823047e-02,2.6321191624830528e-02,-2.5940593253280408e-02,-9.7075041025256048e-02,-1.6941104076686370e-01,-9.6475785479824522e-02,-5.0111190582348232e-02,-1.0842671426321844e-02,
7.2586039047127793e-02,3.2821707900976144e-01,8.1649609463070837e-03,1.6258830209556447e-02,2.1554739268885070e-02,7.7915035077886685e-01,6.7476175649526203e-03,1.8956376426036720e-02,2.5178034150307185e-02,-1.3863148232710276e-01,-1.4600578919163060e-01,-2.2234088214638040e-01,-9.3415853872753168e-02,-1.0183231818394844e-01,-2.0085065540263534e-02,
7.1777738014030187e-02,8.0109061974925821e-01,7.4154249331429131e-03,1.5814537127393644e-02,2.7681357488423874e-02,9.2890331192736064e-01,7.1677535332439818e-03,1.5672815779823119e-02,2.8563309880857347e-02,-1.2081749696587110e-02,-1.1345394537123756e-01,-3.6927689595134580e-02,-3.2864942774494268e-02,-5.5565105054448817e-02,-1.7163693478012960e-02,
7.2356329187095614e-02,6.7534880086999016e-01,8.6436030417454488e-03,1.4626207613902658e-02,2.7369197551297020e-02,8.5941082980830008e-01,8.2341088238453101e-03,1.4710113090479059e-02,2.7438265538844136e-02,-6.9663251112844521e-02,-1.8218240661565990e-01,-6.4327300920511671e-02,-3.0592567454031539e-02,-1.1420423434975038e-01,-3.4420220946370435e-02,
7.1986617665475289e-02,2.4206551403898974e-01,5.6870058382396931e-03,1.4641430742373404e-02,2.3728649605050986e-02,7.8067935891650309e-01,5.5354744836106787e-03,1.4361721985929556e-02,2.2601606359031703e-02,-5.1859179778220243e-02,-1.6102501328342658e-01,-1.3683677929218369e-01,-2.5464873951335798e-01,-1.3582287428610176e-01,-1.4058420511469499e-01,
7.4086512194673965e-02,6.3955250303950051e-02,6.1099876747464331e-03,1.4277208173751587e-02,2.0757363675862513e-02,7.7854511090338563e-01,3.8135601182844037e-03,1.2157674936307929e-02,2.0057335259745401e-02,-2.2040506180703506e-01,-2.2940813249170144e-01,-1.4869917913214373e-01,-2.0774049172425774e-01,-2.5438886265792815e-01,-2.5573172989692983e-01,

8,15
1.0190244891688993e-01,9.7156827578322769e-01,1.3070801740239653e-02,2.5022852813831247e-02,3.5859620145962369e-02,1.0433072565345940e+00,1.4751288216411480e-02,2.4603678493064034e-02,3.5255097492219889e-02,3.5613923157217245e-02,6.3190593644370435e-02,9.1018405906721778e-03,2.1998981021112982e-03,1.9346189262516290e-02,1.5020824407111966e-02,
1.2242124657021371e-01,9.7198199407086350e-01,1.4203851406904814e-02,2.5152457405244279e-02,3.6032592738811008e-02,1.0435665447288349e+00,1.4793373038429862e-02,2.4969799941112258e-02,3.5112448815576881e-02,3.0034510050047064e-02,1.0402568463425269e-01,1.4114965332540169e-02,1.2629652581586388e-02,3.5244203762147527e-02,2.9894397703177006e-02,
2.5830850895465224e-01,9.7164761559329682e-01,1.3511154322052266e-02,2.4439773119299214e-02,3.5847739034924733e-02,1.0433981699522585e+00,1.6572909385448798e-02,2.5062014822949071e-02,3.4614040091928450e-02,1.3567474217254141e-01,9.3999529961829309e-02,3.5680107927705831e-02,8.0275406057439096e-03,4.9215918087461050e-02,1.2112897253719820e-01,
4.5793699105785279e-01,9.6865412108085913e-01,1.4784791327815447e-02,2.4482204948830674e-02,3.5948248905537612e-02,1.0412401601279870e+00,1.7146742739505446e-02,2.6770259480580118e-02,3.4589023939220878e-02,1.0105804101569721e-01,1.4015386740610938e-01,6.1955918170574248e-02,1.0144592491361695e-01,1.0085831922948402e-01,2.3764603699106629e-01,
1.2781269217810245e-01,9.7142200689752078e-01,1.2793051083020689e-02,2.4352428839617149e-02,3.5071138015511719e-02,1.0431997449115509e+00,1.4805488605923716e-02,2.3687602993448610e-02,3.6171209948553967e-02,7.5174751188267053e-02,1.2711707405931585e-01,4.6482790166781675e-02,3.4866324578833718e-03,4.7841097971947778e-02,1.4668733943747023e-02,
1.8406202893830997e-01,9.6950938819744359e-01,1.3791658363187506e-02,2.4586064450166575e-02,3.4816558630619318e-02,1.0418657173845391e+00,1.4966731333390920e-02,2.3939062462504091e-02,3.6429125542803774e-02,5.9747779621184334e-02,2.0146219922677427e-01,7.5614772493887539e-02,3.1649304670089834e-02,9.5992291865335991e-02,3.1724674128233557e-02,
5.7855112629227501e-01,9.7085619820418279e-01,1.3730638013187878e-02,2.4029409911909175e-02,3.4597585498519497e-02,1.0428428158696581e+00,1.5924702201485109e-02,2.4604463418323324e-02,3.6039409601002236e-02,2.2740995333041814e-01,1.6576083270757630e-01,1.7566670750372518e-01,1.7161232726646138e-02,1.3218260315677680e-01,1.3632132645865586e-01,
1.0261480418842956e+00,9.6334294583294111e-01,1.4801000401888323e-02,2.3930234714321763e-02,3.4612187027038541e-02,1.0901032921882456e+00,1.6488512736625216e-02,2.5206676663545566e-02,3.6357329778148532e-02,1.1074334455690840e-01,2.2535371010110095e-01,2.2802385909890138e-01,2.4986228963587853e-01,2.5470361991751211e-01,2.4840224902379210e-01,

