1
1
15
0
(8 0
((0,0,0) (7,7,7) (0,0,0))
((8,0,0) (15,7,7) (0,0,0))
((0,8,0) (7,15,7) (0,0,0))
((8,8,0) (15,15,7) (0,0,0))
((0,0,8) (7,7,15) (0,0,0))
((8,0,8) (15,7,15) (0,0,0))
((0,8,8) (7,15,15) (0,0,0))
((8,8,8) (15,15,15) (0,0,0))
)
8
FabOnDisk: Cell_D_00000 0
FabOnDisk: Cell_D_00000 61527
FabOnDisk: Cell_D_00000 123055
FabOnDisk: Cell_D_00000 184583
FabOnDisk: Cell_D_00000 246112
FabOnDisk: Cell_D_00000 307640
FabOnDisk: Cell_D_00000 369169
FabOnDisk: Cell_D_00000 430698

8,15
1.1269068552368473e-01,8.8730422925254759e-01,-3.3678389533311860e-17,-3.9460828402010420e-17,-2.3199839779910677e-17,9.9999491477623237e-01,-4.5013851042094944e-17,-3.1117394888100920e-17,-2.6775994819036311e-17,-0.0000000000000000e+00,0.0000000000000000e+00,-0.0000000000000000e+00,-0.0000000000000000e+00,-0.0000000000000000e+00,-0.0000000000000000e+00,
1.1269066993686080e-01,8.8730410652477265e-01,-2.6709525991004683e-06,-2.2440520714825347e-17,-2.9017321179357952e-17,9.9999477646163348e-01,-2.6709537123405798e-06,-2.6920693795518510e-17,-3.4591590251067027e-17,-0.0000000000000000e+00,-0.0000000000000000e+00,-0.0000000000000000e+00,-0.0000000000000000e+00,-0.0000000000000000e+00,-0.0000000000000000e+00,
1.1269066993686080e-01,8.8730410652477265e-01,-2.3199846727458460e-17,-2.6709525991020213e-06,-3.2883943479844207e-17,9.9999477646163348e-01,-2.6631415793170380e-17,-2.6709537123369613e-06,-2.2579097411010331e-17,-0.0000000000000000e+00,0.0000000000000000e+00,-0.0000000000000000e+00,-0.0000000000000000e+00,0.0000000000000000e+00,-0.0000000000000000e+00,
1.1269065436253120e-01,8.8730398389537568e-01,-2.6738528993761371e-06,-2.6738528993955054e-06,-1.2394333786411128e-17,9.9999463825790691e-01,-2.6738540126331444e-06,-2.6738540126267751e-06,-2.6197774671740950e-17,-0.0000000000000000e+00,-0.0000000000000000e+00,0.0000000000000000e+00,-0.0000000000000000e+00,-0.0000000000000000e+00,0.0000000000000000e+00,
1.1269066993686082e-01,8.8730410652477265e-01,-1.8573818706704841e-17,-1.8176644832433735e-17,-2.6709525991132593e-06,9.9999477646163348e-01,-4.8921653906210193e-17,-3.3290505681660578e-17,-2.6709537123301575e-06,-0.0000000000000000e+00,0.0000000000000000e+00,-0.0000000000000000e+00,-0.0000000000000000e+00,0.0000000000000000e+00,-0.0000000000000000e+00,
1.1269065436253120e-01,8.8730398389537557e-01,-2.6738528993943487e-06,-1.6623051735212315e-17,-2.6738528994163576e-06,9.9999463825790680e-01,-2.6738540126230113e-06,-3.4013296571177188e-17,-2.6738540126686033e-06,-0.0000000000000000e+00,-0.0000000000000000e+00,0.0000000000000000e+00,-0.0000000000000000e+00,-0.0000000000000000e+00,0.0000000000000000e+00,
1.1269065436253121e-01,8.8730398389537557e-01,-2.5150612937802186e-17,-2.6738528994175490e-06,-2.6738528994480854e-06,9.9999463825790680e-01,-3.7487357488580389e-17,-2.6738540126464581e-06,-2.6738540126851018e-06,-0.0000000000000000e+00,-0.0000000000000000e+00,0.0000000000000000e+00,-0.0000000000000000e+00,-0.0000000000000000e+00,0.0000000000000000e+00,
1.1269063880069582e-01,8.8730386136435513e-01,-2.6767532791458349e-06,-2.6767532791760092e-06,-2.6767532791770951e-06,9.9999450016505098e-01,-2.6767543923671821e-06,-2.6767543923872991e-06,-2.6767543924428797e-06,-0.0000000000000000e+00,-0.0000000000000000e+00,0.0000000000000000e+00,-0.0000000000000000e+00,-0.0000000000000000e+00,0.0000000000000000e+00,

8,15
1.1269189130703682e-01,8.8731372336782721e-01,2.6709525990993113e-06,2.6709525991272070e-06,2.6709525991074063e-06,1.0000056146748639e+00,2.6709537123368164e-06,2.6709537123234981e-06,2.6709537123631587e-06,-0.0000000000000000e+00,0.0000000000000000e+00,-0.0000000000000000e+00,-0.0000000000000000e+00,-0.0000000000000000e+00,-0.0000000000000000e+00,
1.1269187508838260e-01,8.8731359566514478e-01,3.5594335594549875e-17,2.6738528994191376e-06,2.6738528994225372e-06,1.0000054707535273e+00,3.0250257799028377e-17,2.6738540126169305e-06,2.6738540126800378e-06,-0.0000000000000000e+00,-0.0000000000000000e+00,-0.0000000000000000e+00,-0.0000000000000000e+00,-0.0000000000000000e+00,-0.0000000000000000e+00,
1.1269187508838260e-01,8.8731359566514478e-01,2.6738528993947469e-06,2.9414596534083244e-17,2.6738528994214157e-06,1.0000054707535273e+00,2.6738540126156294e-06,3.7198465111527508e-17,2.6738540126503658e-06,-0.0000000000000000e+00,0.0000000000000000e+00,-0.0000000000000000e+00,-0.0000000000000000e+00,0.0000000000000000e+00,-0.0000000000000000e+00,
1.1269185888222683e-01,8.8731346806087263e-01,2.5512800200300275e-17,2.5547919898511906e-17,2.6767532791477509e-06,1.0000053269430995e+00,3.3579754929059886e-17,3.4302581139694259e-17,2.6767543923820894e-06,-0.0000000000000000e+00,-0.0000000000000000e+00,0.0000000000000000e+00,-0.0000000000000000e+00,-0.0000000000000000e+00,0.0000000000000000e+00,
1.1269187508838262e-01,8.8731359566514489e-01,2.6738528994009260e-06,2.6738528994024447e-06,3.3246102695176819e-17,1.0000054707535275e+00,2.6738540126270635e-06,2.6738540126493536e-06,5.2395900586796295e-17,-0.0000000000000000e+00,0.0000000000000000e+00,-0.0000000000000000e+00,-0.0000000000000000e+00,0.0000000000000000e+00,-0.0000000000000000e+00,
1.1269185888222681e-01,8.8731346806087263e-01,3.6353646265117094e-17,2.6767532791504610e-06,1.7020277560455387e-17,1.0000053269430995e+00,3.1551383322529908e-17,2.6767543923822347e-06,3.7776756819533574e-17,-0.0000000000000000e+00,-0.0000000000000000e+00,0.0000000000000000e+00,-0.0000000000000000e+00,-0.0000000000000000e+00,0.0000000000000000e+00,
1.1269185888222680e-01,8.8731346806087252e-01,2.6767532791419335e-06,2.3597111518191557e-17,1.7779588859535425e-17,1.0000053269430993e+00,2.6767543923891829e-06,2.9527442508538649e-17,3.6909374281790285e-17,-0.0000000000000000e+00,-0.0000000000000000e+00,0.0000000000000000e+00,-0.0000000000000000e+00,-0.0000000000000000e+00,0.0000000000000000e+00,
1.1269184268856913e-01,8.8731334055500899e-01,2.5910082747902373e-17,3.6750848115969078e-17,2.0524899141443287e-17,1.0000051832435781e+00,3.7776687366105159e-17,3.0250176345423589e-17,2.9816605324866582e-17,-0.0000000000000000e+00,-0.0000000000000000e+00,0.0000000000000000e+00,-0.0000000000000000e+00,-0.0000000000000000e+00,0.0000000000000000e+00,

