1
1
15
0
(8 0
((0,0,0) (7,7,7) (0,0,0))
((8,0,0) (15,7,7) (0,0,0))
((0,8,0) (7,15,7) (0,0,0))
((8,8,0) (15,15,7) (0,0,0))
((0,0,8) (7,7,15) (0,0,0))
((8,0,8) (15,7,15) (0,0,0))
((0,8,8) (7,15,15) (0,0,0))
((8,8,8) (15,15,15) (0,0,0))
)
8
FabOnDisk: Cell_D_00000 0
FabOnDisk: Cell_D_00000 61527
FabOnDisk: Cell_D_00000 123055
FabOnDisk: Cell_D_00000 184583
FabOnDisk: Cell_D_00000 246112
FabOnDisk: Cell_D_00000 307640
FabOnDisk: Cell_D_00000 369169
FabOnDisk: Cell_D_00000 430698

8,15
1.1269124730088130e-01,8.8730865258258884e-01,-6.2819347008416839e-09,-6.2819347143573792e-09,-6.2819347248008222e-09,9.9999989988347016e-01,-6.2819347263961360e-09,-6.2819347530276675e-09,-6.2819347609877514e-09,-0.0000000000000000e+00,0.0000000000000000e+00,-0.0000000000000000e+00,-0.0000000000000000e+00,0.0000000000000000e+00,-0.0000000000000000e+00,
1.1269124758729689e-01,8.8730865483776800e-01,-1.8176725440893723e-17,-6.2817058522010558e-09,-6.2817058641630751e-09,9.9999990242506487e-01,-2.2434647622429829e-17,-6.2817058622166422e-09,-6.2817058924668175e-09,-0.0000000000000000e+00,-0.0000000000000000e+00,-0.0000000000000000e+00,-0.0000000000000000e+00,-0.0000000000000000e+00,-0.0000000000000000e+00,
1.1269124758729687e-01,8.8730865483776789e-01,-6.2817058673055301e-09,-1.3947991343428712e-17,-6.2817058750388135e-09,9.9999990242506476e-01,-6.2817058593208028e-09,-1.7804084734288458e-17,-6.2817058671363262e-09,-0.0000000000000000e+00,0.0000000000000000e+00,-0.0000000000000000e+00,-0.0000000000000000e+00,0.0000000000000000e+00,-0.0000000000000000e+00,
1.1269124787370137e-01,8.8730865709286033e-01,-2.0162698449436647e-17,-2.5150720952256826e-17,-6.2814769753041315e-09,9.9999990496656166e-01,-2.3012887291950239e-17,-1.8816006746440298e-17,-6.2814769928301242e-09,-0.0000000000000000e+00,-0.0000000000000000e+00,0.0000000000000000e+00,-0.0000000000000000e+00,-0.0000000000000000e+00,0.0000000000000000e+00,
1.1269124758729689e-01,8.8730865483776777e-01,-6.2817058665462445e-09,-6.2817058606936290e-09,-2.9776651384639691e-17,9.9999990242506465e-01,-6.2817058481757583e-09,-6.2817058811772117e-09,-3.0828413653299152e-17,-0.0000000000000000e+00,0.0000000000000000e+00,-0.0000000000000000e+00,-0.0000000000000000e+00,0.0000000000000000e+00,-0.0000000000000000e+00,
1.1269124787370137e-01,8.8730865709286044e-01,-2.4356331532854768e-17,-6.2814769826402185e-09,-3.2486810431531635e-17,9.9999990496656177e-01,-2.7209771169717993e-17,-6.2814770080274900e-09,-4.9355300553951980e-17,-0.0000000000000000e+00,-0.0000000000000000e+00,0.0000000000000000e+00,-0.0000000000000000e+00,-0.0000000000000000e+00,0.0000000000000000e+00,
1.1269124787370138e-01,8.8730865709286044e-01,-6.2814769679329406e-09,-3.0173843562643868e-17,-3.5991357580104057e-17,9.9999990496656177e-01,-6.2814770035414869e-09,-2.6197848684981830e-17,-3.8354816698977588e-17,-0.0000000000000000e+00,-0.0000000000000000e+00,0.0000000000000000e+00,-0.0000000000000000e+00,-0.0000000000000000e+00,0.0000000000000000e+00,
1.1269124816009470e-01,8.8730865934786551e-01,-2.3632145670741456e-17,-1.7020242003726048e-17,-3.0968231387265161e-17,9.9999990750796020e-01,-4.1250654256664674e-17,-2.8949126042820343e-17,-3.4447051420722946e-17,-0.0000000000000000e+00,-0.0000000000000000e+00,0.0000000000000000e+00,-0.0000000000000000e+00,-0.0000000000000000e+00,0.0000000000000000e+00,

8,15
1.1269126899640879e-01,8.8730882340889083e-01,2.3994240114498064e-17,2.0489689876274444e-17,2.6704397406164655e-17,1.0000000924052996e+00,1.9105128437776042e-17,2.3302009399119175e-17,3.4013373283969487e-17,-0.0000000000000000e+00,0.0000000000000000e+00,-0.0000000000000000e+00,-0.0000000000000000e+00,0.0000000000000000e+00,-0.0000000000000000e+00,
1.1269126928226522e-01,8.8730882565966918e-01,6.2819347081777725e-09,2.7463685254429625e-17,1.7779531619848219e-17,1.0000000949419343e+00,6.2819347415935027e-09,4.1106094328392574e-17,2.9961052888931056e-17,-0.0000000000000000e+00,-0.0000000000000000e+00,-0.0000000000000000e+00,-0.0000000000000000e+00,-0.0000000000000000e+00,-0.0000000000000000e+00,
1.1269126928226524e-01,8.8730882565966929e-01,2.4356333158123925e-17,6.2819347170675388e-09,2.3994239681224840e-17,1.0000000949419345e+00,3.4013374418662483e-17,6.2819347531722264e-09,2.7065212838313970e-17,-0.0000000000000000e+00,0.0000000000000000e+00,-0.0000000000000000e+00,-0.0000000000000000e+00,0.0000000000000000e+00,-0.0000000000000000e+00,
1.1269126956811071e-01,8.8730882791035948e-01,6.2817058665111414e-09,6.2817058870008328e-09,2.2837755801487224e-17,1.0000000974784702e+00,6.2817058740844870e-09,6.2817058973864998e-09,2.2000968254897755e-17,-0.0000000000000000e+00,-0.0000000000000000e+00,0.0000000000000000e+00,-0.0000000000000000e+00,-0.0000000000000000e+00,0.0000000000000000e+00,
1.1269126928226524e-01,8.8730882565966918e-01,2.3199850194391473e-17,2.7895983890763628e-17,6.2819347019981667e-09,1.0000000949419343e+00,3.8210257404198099e-17,2.7209773749845198e-17,6.2819347301593380e-09,-0.0000000000000000e+00,0.0000000000000000e+00,-0.0000000000000000e+00,-0.0000000000000000e+00,0.0000000000000000e+00,-0.0000000000000000e+00,
1.1269126956811069e-01,8.8730882791035937e-01,6.2817058552733096e-09,2.2043366807020445e-17,6.2817058564297892e-09,1.0000000974784700e+00,6.2817058808880905e-09,3.4302494427049855e-17,6.2817058846512925e-09,-0.0000000000000000e+00,-0.0000000000000000e+00,0.0000000000000000e+00,-0.0000000000000000e+00,-0.0000000000000000e+00,0.0000000000000000e+00,
1.1269126956811071e-01,8.8730882791035970e-01,2.5150721791040414e-17,6.2817058541168268e-09,6.2817058541519273e-09,1.0000000974784704e+00,4.1395216856685075e-17,6.2817058771248886e-09,6.2817058512161583e-09,-0.0000000000000000e+00,-0.0000000000000000e+00,0.0000000000000000e+00,-0.0000000000000000e+00,-0.0000000000000000e+00,0.0000000000000000e+00,
1.1269126985394506e-01,8.8730883016096240e-01,6.2814769725939710e-09,6.2814769710402934e-09,6.2814769629098161e-09,1.0000001000149075e+00,6.2814769926855628e-09,6.2814769963042033e-09,6.2814769958705249e-09,-0.0000000000000000e+00,-0.0000000000000000e+00,0.0000000000000000e+00,-0.0000000000000000e+00,-0.0000000000000000e+00,0.0000000000000000e+00,

