1
1
15
0
(8 0
((0,0,0) (7,7,7) (0,0,0))
((8,0,0) (15,7,7) (0,0,0))
((0,8,0) (7,15,7) (0,0,0))
((8,8,0) (15,15,7) (0,0,0))
((0,0,8) (7,7,15) (0,0,0))
((8,0,8) (15,7,15) (0,0,0))
((0,8,8) (7,15,15) (0,0,0))
((8,8,8) (15,15,15) (0,0,0))
)
8
FabOnDisk: Cell_D_00000 0
FabOnDisk: Cell_D_00000 61527
FabOnDisk: Cell_D_00000 123055
FabOnDisk: Cell_D_00000 184583
FabOnDisk: Cell_D_00000 246112
FabOnDisk: Cell_D_00000 307640
FabOnDisk: Cell_D_00000 369169
FabOnDisk: Cell_D_00000 430698

8,15
7.3738130900024193e-02,8.2076032178357050e-01,8.3410278277568813e-03,1.6501716764912158e-02,3.0042202629602856e-02,9.4242886247073121e-01,9.5047385966018465e-03,1.8367092803213622e-02,2.8563974309495265e-02,-1.3296642224678176e-02,-8.9291074858170116e-02,-4.6610111081609673e-02,-2.3324904109692974e-02,-1.9141805224866280e-02,-1.2714005118524552e-03,
7.3359773330065950e-02,6.9747989490533358e-01,8.9810193761910625e-03,1.5459214886310267e-02,2.7163518330355869e-02,8.7092685080333909e-01,8.5514685766994499e-03,1.6805924001672301e-02,2.8036190827075102e-02,-5.8828036133047407e-02,-1.6249483432002157e-01,-8.8612609441032469e-02,-2.5241089985984917e-02,-4.2853241688277782e-02,-2.3217099710355679e-03,
7.3516728766246334e-02,4.5581192384043434e-01,6.2856770312330092e-03,1.5770384388022862e-02,2.6552540805634961e-02,7.8863472873221230e-01,8.2112042768234077e-03,1.8801621715718926e-02,2.6270752455159394e-02,-4.6300452405836981e-02,-1.1574981729239681e-01,-1.5362923132941536e-01,-1.5173918513100360e-01,-6.9822363069881627e-02,-2.8358534847504856e-03,
7.4450285601520547e-02,1.6355723201489661e-01,6.8591264791001399e-03,1.3777963967945344e-02,2.0633174021270469e-02,7.8082525702239602e-01,5.9449185147679700e-03,1.6325531837725119e-02,2.4256980190037820e-02,-1.8271148924577024e-01,-1.9009192895595287e-01,-2.1928278886213118e-01,-1.6131755217507548e-01,-1.6623666505832246e-01,-6.2069495342650920e-03,
7.3693696392546082e-02,7.6299984528379905e-01,6.9913729202689436e-03,1.6718447724729909e-02,2.7217916106608269e-02,9.0761087475672886e-01,7.4727501612650788e-03,1.5678434921376785e-02,2.8466268098256364e-02,-1.8738931833676628e-02,-1.2484896843937338e-01,-3.1689275702069267e-02,-3.9813199897120219e-02,-2.7176173722520215e-02,-1.9019597290966174e-02,
7.3546044593097604e-02,5.7952577153054641e-01,8.0502869772415414e-03,1.5422073178600936e-02,2.7482302168834113e-02,8.1928874712692590e-01,7.7976064325678204e-03,1.4562010568800444e-02,2.7694875723776258e-02,-8.4415740524644761e-02,-2.1499898314116911e-01,-6.0332970376825015e-02,-4.4031315530192662e-02,-6.4997482955905420e-02,-4.6465945746730811e-02,
7.3548987724692066e-02,3.0541921956136964e-01,5.7053145243746370e-03,1.4491800200131496e-02,2.3014379155691635e-02,7.8188680323320292e-01,4.8451815895226838e-03,1.4330651103776810e-02,2.2755157402910241e-02,-6.5366318363517889e-02,-1.5103805134316289e-01,-7.2630183480539595e-02,-2.4309004205740115e-01,-1.1274740082330377e-01,-1.1705088695001822e-01,
7.4803318312841302e-02,6.1596489277052829e-02,5.6899999809754617e-03,1.3320601919080070e-02,2.0348402590009401e-02,7.8107168905326108e-01,3.9832200337359472e-03,1.2053453111269216e-02,1.9737533717338527e-02,-2.1187951251623618e-01,-2.1405939765122720e-01,-8.2734029531173009e-02,-2.3423694195767467e-01,-2.4740918496867847e-01,-2.5736651120844889e-01,

8,15
1.2166854068716070e-01,9.6748934252728358e-01,1.2349906420610448e-02,2.3159785523202067e-02,3.3599815269334782e-02,1.0412350470360812e+00,1.4402424456125400e-02,2.2926043074391340e-02,3.3421471356795525e-02,5.7209355132641609e-02,5.5572499662453624e-02,4.4745253794798989e-03,4.0117457926572651e-03,3.6655637995220910e-02,1.8866469579521348e-02,
1.7344695589800552e-01,9.6856423274060277e-01,1.2663109049435167e-02,2.3218211551383688e-02,3.3754787464727140e-02,1.0419240060706687e+00,1.4988581170295367e-02,2.3190259433137815e-02,3.3180795290113529e-02,5.4704490845107229e-02,1.0692186575588521e-01,8.1966584089897127e-03,2.6234600054139884e-02,8.6944093485136653e-02,4.6536703543464210e-02,
3.3282280489177796e-01,9.6805930446243083e-01,1.2838408031804473e-02,2.2858016271138318e-02,3.3471752939606012e-02,1.0416056258691144e+00,1.5754862036289688e-02,2.3560348205644017e-02,3.2573831796813078e-02,1.7674832186972569e-01,1.1498826266166043e-01,9.8132943833418307e-03,1.5330459819009268e-02,7.0491565364715236e-02,1.1367314347692399e-01,
7.2634797938293183e-01,9.6490743744641516e-01,1.3428673963406823e-02,2.2691010945818286e-02,3.3357680495312472e-02,1.0393577230479356e+00,1.6474703679811718e-02,2.5012000183159053e-02,3.2397991046394486e-02,1.2986238949663836e-01,1.8449180396395909e-01,2.0921192242598238e-02,1.6656486382864211e-01,1.7069631137447416e-01,2.5112086656952526e-01,
1.4461102947292981e-01,9.6750749130333447e-01,1.2397449318176310e-02,2.2317086985199134e-02,3.3280468207926531e-02,1.0412011876958807e+00,1.4196640000478338e-02,2.2007266832397173e-02,3.4173131786916666e-02,8.4655506130408800e-02,7.5608154652302612e-02,4.7523302091818764e-02,5.6779897925499168e-03,5.8780508132884969e-02,1.4003445064179103e-02,
2.3976297559637955e-01,9.6796913440114696e-01,1.3192936135375430e-02,2.2788282265009889e-02,3.2940214837982339e-02,1.0415151789942445e+00,1.4829364503874638e-02,2.1612638305576255e-02,3.4535523155040722e-02,7.8091470221846787e-02,1.4712927404348081e-01,9.0047066608051243e-02,4.4902171634384647e-02,1.4550063766535420e-01,3.7783024734275902e-02,
4.9050524822532887e-01,9.6808818688766596e-01,1.2901938912041172e-02,2.1915825851227849e-02,3.2137466349232736e-02,1.0416371746123581e+00,1.4396992098869561e-02,2.2775499404064984e-02,3.4017074824183362e-02,2.2105484734989528e-01,1.5272574575610290e-01,1.5900309633032306e-01,2.2653638171797594e-02,1.1080487056572824e-01,7.8181228566635841e-02,
1.0410553157710909e+00,9.6367897429499050e-01,1.3768070225216400e-02,2.1958566866612239e-02,3.1760580039568199e-02,1.1026518050481438e+00,1.5047681156754740e-02,2.2960853236436058e-02,3.4156826863946894e-02,1.3308050642447716e-01,2.1581706915445248e-01,2.2612852826561652e-01,2.4510134403049216e-01,2.4577078316150747e-01,1.6010123191980524e-01,

