1
1
15
0
(8 0
((0,0,0) (7,7,7) (0,0,0))
((8,0,0) (15,7,7) (0,0,0))
((0,8,0) (7,15,7) (0,0,0))
((8,8,0) (15,15,7) (0,0,0))
((0,0,8) (7,7,15) (0,0,0))
((8,0,8) (15,7,15) (0,0,0))
((0,8,8) (7,15,15) (0,0,0))
((8,8,8) (15,15,15) (0,0,0))
)
8
FabOnDisk: Cell_D_00000 0
FabOnDisk: Cell_D_00000 61527
FabOnDisk: Cell_D_00000 123055
FabOnDisk: Cell_D_00000 184583
FabOnDisk: Cell_D_00000 246112
FabOnDisk: Cell_D_00000 307640
FabOnDisk: Cell_D_00000 369169
FabOnDisk: Cell_D_00000 430698

8,15
1.1269125405370287e-01,8.8730870575297260e-01,-5.6196112203054594e-09,-5.6196112214970429e-09,-5.6196112083434410e-09,9.9999995980667544e-01,-5.6196112430053725e-09,-5.6196112208598442e-09,-5.6196112127551997e-09,-0.0000000000000000e+00,-0.0000000000000000e+00,0.0000000000000000e+00,-0.0000000000000000e+00,-0.0000000000000000e+00,0.0000000000000000e+00,
1.1269125392935550e-01,8.8730870477388690e-01,-2.0886885322764303e-17,-5.6197300528736577e-09,-5.6197300323839663e-09,9.9999995870324243e-01,-3.0683851969189416e-17,-5.6197300394370665e-09,-5.6197300161350553e-09,-0.0000000000000000e+00,-0.0000000000000000e+00,0.0000000000000000e+00,-0.0000000000000000e+00,-0.0000000000000000e+00,0.0000000000000000e+00,
1.1269125392935547e-01,8.8730870477388679e-01,-5.6197300547543256e-09,-2.8620168565452700e-17,-5.6197300447431795e-09,9.9999995870324221e-01,-5.6197300802540424e-09,-2.5619608892468545e-17,-5.6197300390033857e-09,-0.0000000000000000e+00,-0.0000000000000000e+00,0.0000000000000000e+00,-0.0000000000000000e+00,-0.0000000000000000e+00,0.0000000000000000e+00,
1.1269125380501219e-01,8.8730870379483195e-01,-2.4391434484664483e-17,-2.2837756798051354e-17,-5.6198488710265240e-09,9.9999995759984417e-01,-2.6486970020570060e-17,-4.5447539033017757e-17,-5.6198489017271645e-09,-0.0000000000000000e+00,0.0000000000000000e+00,-0.0000000000000000e+00,-0.0000000000000000e+00,0.0000000000000000e+00,-0.0000000000000000e+00,
1.1269125392935546e-01,8.8730870477388679e-01,-5.6197300307951881e-09,-5.6197300574644853e-09,-3.0535938548170631e-17,9.9999995870324221e-01,-5.6197300456624270e-09,-5.6197300803986038e-09,-4.5592098557143221e-17,-0.0000000000000000e+00,-0.0000000000000000e+00,0.0000000000000000e+00,-0.0000000000000000e+00,-0.0000000000000000e+00,0.0000000000000000e+00,
1.1269125380501217e-01,8.8730870379483207e-01,-2.7463685680604136e-17,-5.6198488884439633e-09,-2.0454588896667495e-17,9.9999995759984428e-01,-3.4013372603375488e-17,-5.6198489063577282e-09,-4.9210739374612656e-17,-0.0000000000000000e+00,-0.0000000000000000e+00,-0.0000000000000000e+00,-0.0000000000000000e+00,0.0000000000000000e+00,-0.0000000000000000e+00,
1.1269125380501217e-01,8.8730870379483195e-01,-5.6198488985253130e-09,-2.6669296570201792e-17,-3.0208946553478316e-17,9.9999995759984417e-01,-5.6198488957909244e-09,-3.4736174438965542e-17,-3.7632014615495940e-17,-0.0000000000000000e+00,-0.0000000000000000e+00,-0.0000000000000000e+00,-0.0000000000000000e+00,-0.0000000000000000e+00,-0.0000000000000000e+00,
1.1269125368067290e-01,8.8730870281580909e-01,-2.3199850400917640e-17,-2.7498788287506899e-17,-2.9414558170871657e-17,9.9999995649648199e-01,-2.5764169184910807e-17,-3.0828413248079628e-17,-3.4736174904522522e-17,-0.0000000000000000e+00,0.0000000000000000e+00,-0.0000000000000000e+00,-0.0000000000000000e+00,-0.0000000000000000e+00,-0.0000000000000000e+00,

8,15
1.1269126348981899e-01,8.8730878005108960e-01,2.3597043408053431e-17,2.7860880162637135e-17,2.5547915273172772e-17,1.0000000435409087e+00,3.4157933554636038e-17,4.1539774003185718e-17,3.3868811794814779e-17,-0.0000000000000000e+00,-0.0000000000000000e+00,0.0000000000000000e+00,-0.0000000000000000e+00,-0.0000000000000000e+00,0.0000000000000000e+00,
1.1269126336526586e-01,8.8730877907038330e-01,5.6196112040796037e-09,2.2440562042203301e-17,2.6704397648634323e-17,1.0000000424356492e+00,5.6196112162292805e-09,2.6776090688126288e-17,3.3001450704953811e-17,-0.0000000000000000e+00,-0.0000000000000000e+00,0.0000000000000000e+00,-0.0000000000000000e+00,-0.0000000000000000e+00,0.0000000000000000e+00,
1.1269126336526586e-01,8.8730877907038364e-01,1.5104473458269669e-17,5.6196112214970429e-09,3.5196968407910118e-17,1.0000000424356494e+00,2.2000967033084026e-17,5.6196112208598442e-09,4.2262576421686664e-17,-0.0000000000000000e+00,-0.0000000000000000e+00,0.0000000000000000e+00,-0.0000000000000000e+00,-0.0000000000000000e+00,0.0000000000000000e+00,
1.1269126324071688e-01,8.8730877808970943e-01,5.6197300315544754e-09,5.6197300335053469e-09,3.1692419245910012e-17,1.0000000413304262e+00,5.6197300568074715e-09,5.6197300458069884e-09,4.2407135884708990e-17,-0.0000000000000000e+00,0.0000000000000000e+00,-0.0000000000000000e+00,-0.0000000000000000e+00,0.0000000000000000e+00,-0.0000000000000000e+00,
1.1269126336526587e-01,8.8730877907038319e-01,2.3199849252095051e-17,2.0921986271692211e-17,5.6196112118479893e-09,1.0000000424356490e+00,3.7632013523644568e-17,2.9382808685234405e-17,5.6196111981360744e-09,-0.0000000000000000e+00,-0.0000000000000000e+00,0.0000000000000000e+00,-0.0000000000000000e+00,-0.0000000000000000e+00,0.0000000000000000e+00,
1.1269126324071689e-01,8.8730877808970932e-01,5.6197300435515944e-09,3.0173844508360169e-17,5.6197300366127022e-09,1.0000000413304262e+00,5.6197300611489140e-09,4.1250653481716434e-17,5.6197300385697073e-09,-0.0000000000000000e+00,-0.0000000000000000e+00,-0.0000000000000000e+00,-0.0000000000000000e+00,0.0000000000000000e+00,-0.0000000000000000e+00,
1.1269126324071688e-01,8.8730877808970932e-01,2.7463684870689414e-17,5.6197300470210422e-09,5.6197300292766135e-09,1.0000000413304262e+00,3.3724252229603116e-17,5.6197300724385190e-09,5.6197300233723389e-09,-0.0000000000000000e+00,-0.0000000000000000e+00,-0.0000000000000000e+00,-0.0000000000000000e+00,-0.0000000000000000e+00,-0.0000000000000000e+00,
1.1269126311617203e-01,8.8730877710906730e-01,5.6198488632932406e-09,5.6198488787598083e-09,5.6198488694728481e-09,1.0000000402252394e+00,5.6198488939116403e-09,5.6198489095426887e-09,5.6198489053458059e-09,-0.0000000000000000e+00,0.0000000000000000e+00,-0.0000000000000000e+00,-0.0000000000000000e+00,-0.0000000000000000e+00,-0.0000000000000000e+00,

