1
1
15
0
(8 0
((0,0,0) (7,7,7) (0,0,0))
((8,0,0) (15,7,7) (0,0,0))
((0,8,0) (7,15,7) (0,0,0))
((8,8,0) (15,15,7) (0,0,0))
((0,0,8) (7,7,15) (0,0,0))
((8,0,8) (15,7,15) (0,0,0))
((0,8,8) (7,15,15) (0,0,0))
((8,8,8) (15,15,15) (0,0,0))
)
8
FabOnDisk: Cell_D_00000 0
FabOnDisk: Cell_D_00000 61527
FabOnDisk: Cell_D_00000 123055
FabOnDisk: Cell_D_00000 184583
FabOnDisk: Cell_D_00000 246112
FabOnDisk: Cell_D_00000 307640
FabOnDisk: Cell_D_00000 369169
FabOnDisk: Cell_D_00000 430698

8,15
5.5642790583229330e-02,6.4386978816725970e-01,4.7866087595134846e-04,1.0175032185370218e-02,2.1877315588946025e-02,8.3454271510722156e-01,6.1185388170487730e-03,1.5517440986622897e-02,2.4940964788464449e-02,-8.4247671425970311e-03,-2.7093978826663201e-02,-6.8578026055591115e-02,-5.4168894592014606e-02,-8.0501189820934585e-02,-1.0752124424161587e-01,
5.6012494870810968e-02,5.6270216098078540e-01,7.7709803656254477e-03,9.6550851131316957e-03,2.1366230066968566e-02,8.0123057562820088e-01,6.0435232389108220e-03,1.5270868544334196e-02,2.4508592816079554e-02,-9.4693978607989643e-02,-3.2485475975881251e-02,-8.3382953786952679e-02,-2.5551517072301876e-02,-1.0568175975626895e-01,-1.4128843226920224e-01,
5.6915899978551919e-02,4.3947179696828276e-01,-1.2412242485406958e-03,1.5450202101035534e-02,2.1676332804071712e-02,7.7021310213548810e-01,6.6157499932065914e-03,1.3297432070975668e-02,2.4669477872109789e-02,-1.2820431037467106e-02,-1.1872749475424449e-01,-1.0815873837915604e-01,-9.7981041406425787e-02,-7.0533955211531690e-02,-1.9713502254382523e-01,
5.7376728636822957e-02,3.4415662524944379e-01,7.8390534278252946e-03,1.5734524352815756e-02,2.1182627153335677e-02,7.6600598929974506e-01,4.7426298483803442e-03,1.2509587542341393e-02,2.4455111693099441e-02,-1.3998468691835581e-01,-1.4050065668819572e-01,-1.3181407729573413e-01,-4.4327973848320885e-02,-8.9211043147661345e-02,-2.4969072891063437e-01,
5.7579885935679614e-02,2.6340780640022393e-01,-1.0543104639502065e-03,1.0495567208183365e-02,2.4528157569120676e-02,7.6833016834970458e-01,6.8559781315226283e-03,1.5536926528510115e-02,2.1079814530872733e-02,-1.8117307647405795e-02,-5.9524685135452240e-02,-1.6007647758598864e-01,-1.5689665742667364e-01,-2.2089539813873094e-01,-1.2850895129308609e-01,
5.8527899864935562e-02,1.7921921610218264e-01,7.9818012557107392e-03,1.0271105559405589e-02,2.4356483995671117e-02,7.6389687636354497e-01,3.8060983266640144e-03,1.5709596744486441e-02,2.0253811895389308e-02,-1.7803407421162701e-01,-7.2876699194754271e-02,-1.8555671069963114e-01,-6.4364191656763492e-02,-2.6221298450659863e-01,-1.6196119412579227e-01,
6.0132676069260267e-02,9.3358022053080095e-02,-4.4148175145833444e-04,1.6065811303407160e-02,2.4276990244268899e-02,7.6485005229893599e-01,7.7825607106545500e-03,1.1451711575030981e-02,1.9674534575520333e-02,-2.8996905278926857e-02,-2.0592265022718159e-01,-2.1737880622656616e-01,-2.5431315743606464e-01,-1.6536308117576731e-01,-2.1354174135000858e-01,
6.0929719643802699e-02,5.3716915927305715e-02,7.0011615877278660e-03,1.5368785798153773e-02,2.2898715017449105e-02,7.6629942012930952e-01,7.7272307043207067e-04,1.0655737751696747e-02,1.8587286264883065e-02,-2.2386409826839007e-01,-2.2537830992808466e-01,-2.3413130787204608e-01,-8.1006015245915802e-02,-1.7874498019920149e-01,-2.5062136844862271e-01,

8,15
1.9067292693996182e-01,1.0070561564904101e+00,1.5877777037585541e-02,3.1450331665459783e-02,4.4983091842991804e-02,1.0627582038903312e+00,1.5359540045832717e-02,2.9985252530586377e-02,4.3498633588874333e-02,1.0718275567706168e-01,1.3609766030226580e-01,1.8127969091895438e-01,2.3199847271828987e-03,7.7751775963092054e-03,2.2114124489935969e-02,
2.3852841464741545e-01,1.0061212258736527e+00,2.1557862193285586e-02,3.2119903644685720e-02,4.6074327233599763e-02,1.0621337207444637e+00,1.4719611141274182e-02,3.0532415454478618e-02,4.3682746294137535e-02,3.6515432466191669e-02,1.5336736996840133e-01,2.0430883234202360e-01,5.0408344747744561e-02,9.4411092921314471e-03,2.8038619625899430e-02,
3.3125107512874363e-01,1.0030075686010476e+00,1.6950809288798302e-02,3.3813020962955936e-02,4.7028170263262448e-02,1.0599870663235367e+00,1.6918111980167891e-02,2.9839186304633322e-02,4.3738940545453242e-02,1.4764509184182828e-01,9.2464642880316306e-02,2.2614822030454845e-01,3.5821899955757971e-03,7.3237983202095347e-02,3.8977756775581116e-02,
4.2554212793347257e-01,1.0017060540814933e+00,2.3805489000768325e-02,3.4678031531749309e-02,4.7497267433744564e-02,1.0590827827183162e+00,1.5865757072200764e-02,3.0363486707780593e-02,4.4008640852703985e-02,4.1549731787904151e-02,9.8074167475225543e-02,2.3752120981294791e-01,9.5489963606423506e-02,9.6221314717770970e-02,5.0661624993744693e-02,
5.2711400679957110e-01,9.9856487229838564e-01,1.7709145550722508e-02,3.3141528111172346e-02,4.5197662982143998e-02,1.0562118396849489e+00,1.6102535364037850e-02,3.0335703480416375e-02,4.3932672983515386e-02,1.8355699797118388e-01,2.1947657063461384e-01,1.5157751047611079e-01,5.2084264120072030e-03,1.8860102419771974e-02,1.2136763084921810e-01,
6.7012913307014965e-01,9.9637202842495354e-01,2.4444403180693953e-02,3.3312778939630860e-02,4.6189509599857924e-02,1.0550649999830075e+00,1.5088773005477594e-02,3.1432567936769698e-02,4.4064210653675079e-02,4.2623737772354620e-02,2.3231824408956597e-01,1.5747245604244725e-01,1.5183617588242629e-01,2.3990683412568398e-02,1.5721805150716606e-01,
8.9014064737345577e-01,9.9144591976790020e-01,1.8653434656608160e-02,3.5800040538095039e-02,4.7096848382052962e-02,1.0516229899454117e+00,1.9957063515899123e-02,3.0091926427855065e-02,4.4152413254800238e-02,2.2832092748225497e-01,1.0143667272233617e-01,1.5839728560395966e-01,8.8744780828164602e-03,2.0830370477155449e-01,2.1635239911101956e-01,
1.0448867474165338e+00,9.8888727267234855e-01,2.3702033696681918e-02,3.5774636156982925e-02,4.7687567945026120e-02,1.0986036633438394e+00,1.8306071414985758e-02,3.1571041287490463e-02,4.4492648591728620e-02,4.5754956040856568e-02,1.0188813288168933e-01,1.5872950118146414e-01,2.4120967164936569e-01,2.4603581899117657e-01,2.6210130649524760e-01,

