1
1
15
0
(8 0
((0,0,0) (7,7,7) (0,0,0))
((8,0,0) (15,7,7) (0,0,0))
((0,8,0) (7,15,7) (0,0,0))
((8,8,0) (15,15,7) (0,0,0))
((0,0,8) (7,7,15) (0,0,0))
((8,0,8) (15,7,15) (0,0,0))
((0,8,8) (7,15,15) (0,0,0))
((8,8,8) (15,15,15) (0,0,0))
)
8
FabOnDisk: Cell_D_00000 0
FabOnDisk: Cell_D_00000 61527
FabOnDisk: Cell_D_00000 123055
FabOnDisk: Cell_D_00000 184583
FabOnDisk: Cell_D_00000 246112
FabOnDisk: Cell_D_00000 307640
FabOnDisk: Cell_D_00000 369169
FabOnDisk: Cell_D_00000 430698

8,15
5.8679103157327085e-02,7.3563158367659220e-01,3.5081738516871369e-03,1.2917725979465531e-02,2.2706529366121848e-02,8.8416953877359117e-01,6.3227939775179643e-03,1.6495613447347866e-02,2.5373278108935270e-02,-7.4109969242224794e-03,-2.4904675636366946e-02,-6.9242364210697196e-02,-3.8767843379958450e-02,-5.8805838091109341e-02,-7.9286374849411881e-02,
5.9044004714359700e-02,6.5993676564034087e-01,8.5854324269222758e-03,1.2231163750683121e-02,2.1901220522758575e-02,8.4457905699696767e-01,7.4706805364038288e-03,1.6213126142649727e-02,2.4820691814785786e-02,-7.5755027879934739e-02,-3.0493040710236022e-02,-8.6534285340958444e-02,-2.0370860209954461e-02,-8.1309361043119033e-02,-1.0954363900429920e-01,
5.9929495907021041e-02,5.2638844556345066e-01,1.3003616598585644e-03,1.6328882053107022e-02,2.2036254519824702e-02,7.9192765335817072e-01,6.9444169844498829e-03,1.5197656145905326e-02,2.4642724116118890e-02,-1.1831166814847499e-02,-1.0081174319765430e-01,-1.1910921474540836e-01,-8.1948123351426289e-02,-5.7326748969228278e-02,-1.6927639438617961e-01,
6.0325272601216770e-02,4.2084910973933770e-01,8.3040873940390444e-03,1.5883681247432582e-02,2.1509852799152407e-02,7.7097460222822944e-01,5.9975291239258589e-03,1.4368987818702640e-02,2.4179033826362779e-02,-1.2346283431590599e-01,-1.2364628593285334e-01,-1.4851895271309651e-01,-4.1479546567982722e-02,-7.6885056461377027e-02,-2.2716108604786173e-01,
6.0349222151725494e-02,3.1885287723489392e-01,1.5061193967502084e-03,1.1885230964833727e-02,2.4489381547322882e-02,7.6928877135787643e-01,6.7740971453408511e-03,1.5711541071833212e-02,2.2349049266631334e-02,-1.7788247709476263e-02,-6.3214990773477212e-02,-1.4904843368039328e-01,-1.3711762646094444e-01,-2.1025419090185626e-01,-1.0739036139565580e-01,
6.1250976122824728e-02,2.1572684498617900e-01,8.3836588281645426e-03,1.1522881376005687e-02,2.4082469688689781e-02,7.7030524915476095e-01,5.2258087003450885e-03,1.5694031520120680e-02,2.1357699858719284e-02,-1.6871828490755414e-01,-7.9584891850905198e-02,-1.7639363758068594e-01,-6.8169570754988112e-02,-2.6413334404526079e-01,-1.4355555008819570e-01,
6.3371898223658046e-02,1.0011931403484252e-01,1.7528151298602324e-03,1.6174342513720540e-02,2.3968090173704781e-02,7.6705245151382573e-01,7.5397683787449352e-03,1.2371324776499253e-02,2.0639665641907605e-02,-3.0737303071149663e-02,-2.0054253418526694e-01,-2.1147870845000352e-01,-2.5637700866481744e-01,-1.7889435331685216e-01,-2.1072653132513577e-01,
6.4321313853528628e-02,5.2368374205457077e-02,7.1696289160140224e-03,1.5351773005234120e-02,2.2805215767660460e-02,7.6913602222285393e-01,1.4673715921808190e-03,1.1074232368640842e-02,1.9128898727992432e-02,-2.2495744482428318e-01,-2.2926196779375818e-01,-2.3140416510619427e-01,-9.3593889002157329e-02,-2.0423685515505244e-01,-2.6322580770369342e-01,

8,15
1.4853795509699896e-01,1.0001011066452947e+00,1.4611318572214121e-02,3.0070849797857794e-02,4.3837664784874227e-02,1.0587802098026218e+00,1.5338177933194700e-02,2.9578452775004999e-02,4.2560844451214302e-02,8.5203841336427125e-02,1.1836534291877024e-01,1.5857367785084736e-01,1.9612747246934951e-03,7.0805427633485012e-03,2.2897881297108753e-02,
1.8464229135662677e-01,9.9859157168879631e-01,1.8446045875194609e-02,3.0602375608501556e-02,4.4556151561671406e-02,1.0576355764031560e+00,1.4888917881761639e-02,3.0005641955512204e-02,4.2655213902513513e-02,3.5796382727264153e-02,1.4093680198486516e-01,1.8883343089070351e-01,3.5344116595844605e-02,8.8129088390028268e-03,3.0096559238061732e-02,
2.6553920779472001e-01,9.9572943069730757e-01,1.5373308166421448e-02,3.2102862432827728e-02,4.5320715237417569e-02,1.0558678169135811e+00,1.7135038236419677e-02,2.9705248369169393e-02,4.2680984973641492e-02,1.3348961212506255e-01,9.1645675564555454e-02,2.2639180936532954e-01,3.2179049868673961e-03,5.6103298277173974e-02,4.5450345960912991e-02,
3.5012549248889174e-01,9.9317389006419599e-01,2.0847259248953143e-02,3.2661313608498249e-02,4.5985657602643143e-02,1.0534991626654127e+00,1.6205745166996716e-02,3.0213942633964066e-02,4.2837453286303541e-02,4.6442985802760239e-02,1.0259347366595613e-01,2.4695056703955365e-01,7.7254108346167610e-02,7.7384801430560091e-02,6.1581547639201123e-02,
4.5927490523602899e-01,9.9527117646112373e-01,1.6286729326910988e-02,3.1444308262083900e-02,4.3916711058345125e-02,1.0556203986128492e+00,1.6085200225050927e-02,2.9776211070344942e-02,4.3318221530445185e-02,1.7000152480287478e-01,2.1446478614951983e-01,1.5414689567422885e-01,5.0805813956362796e-03,2.0374629032345173e-02,1.0627306331848430e-01,
6.0835164858086355e-01,9.9148529303665611e-01,2.1618421212900946e-02,3.1645582518943255e-02,4.4799193850132951e-02,1.0527362691594808e+00,1.5237869943013545e-02,3.0557716722465149e-02,4.3380088839095637e-02,4.9064007110551103e-02,2.3818500275530008e-01,1.6945664741760672e-01,1.3681712280325709e-01,2.6851652571943385e-02,1.4324059171808004e-01,
8.7429995571353114e-01,9.8327480839461179e-01,1.7031293837369843e-02,3.3613807385083058e-02,4.5529013853801412e-02,1.0466946622890938e+00,1.9701576100900405e-02,2.9845032931991537e-02,4.3412942566497269e-02,2.3022815371347738e-01,1.1490524519212120e-01,1.7836939237682481e-01,9.4355182091621862e-03,2.0134979082015481e-01,2.1073253492544844e-01,
1.0570517741426542e+00,9.7909718997229211e-01,2.1001596707200351e-02,3.3616557014522333e-02,4.6247659979854014e-02,1.1094201483481112e+00,1.8389771428847450e-02,3.1253287483324538e-02,4.3562695398082413e-02,5.2134583278209329e-02,1.1611474766403181e-01,1.7963624973092307e-01,2.4562678290224516e-01,2.4732711355348042e-01,2.5857599066404169e-01,

