1
1
15
0
(8 0
((0,0,0) (7,7,7) (0,0,0))
((8,0,0) (15,7,7) (0,0,0))
((0,8,0) (7,15,7) (0,0,0))
((8,8,0) (15,15,7) (0,0,0))
((0,0,8) (7,7,15) (0,0,0))
((8,0,8) (15,7,15) (0,0,0))
((0,8,8) (7,15,15) (0,0,0))
((8,8,8) (15,15,15) (0,0,0))
)
8
FabOnDisk: Cell_D_00000 0
FabOnDisk: Cell_D_00000 61527
FabOnDisk: Cell_D_00000 123055
FabOnDisk: Cell_D_00000 184583
FabOnDisk: Cell_D_00000 246112
FabOnDisk: Cell_D_00000 307640
FabOnDisk: Cell_D_00000 369169
FabOnDisk: Cell_D_00000 430698

8,15
1.1269125700405491e-01,8.8730872898346336e-01,-3.3683651000080982e-09,-3.3683651031154522e-09,-3.3683651278689793e-09,9.9999998598751827e-01,-3.3683650973775840e-09,-3.3683650901403021e-09,-3.3683651099682313e-09,-0.0000000000000000e+00,-0.0000000000000000e+00,0.0000000000000000e+00,-0.0000000000000000e+00,-0.0000000000000000e+00,0.0000000000000000e+00,
1.1269125704411534e-01,8.8730872929889071e-01,-2.0921986605129158e-17,-3.3683900165937545e-09,-3.3683900088604719e-09,9.9999998634300602e-01,-1.7948645296701798e-17,-3.3683900039447745e-09,-3.3683899961292519e-09,-0.0000000000000000e+00,-0.0000000000000000e+00,0.0000000000000000e+00,-0.0000000000000000e+00,-0.0000000000000000e+00,0.0000000000000000e+00,
1.1269125704411534e-01,8.8730872929889071e-01,-3.3683900096197583e-09,-2.1284079562127220e-17,-3.3683900162667634e-09,9.9999998634300602e-01,-3.3683900072742947e-09,-3.4447053934892404e-17,-3.3683899595091597e-09,-0.0000000000000000e+00,-0.0000000000000000e+00,0.0000000000000000e+00,-0.0000000000000000e+00,-0.0000000000000000e+00,0.0000000000000000e+00,
1.1269125708417607e-01,8.8730872961432128e-01,-2.7101592759463842e-17,-2.9811752176581823e-17,-3.3684149347681550e-09,9.9999998669849732e-01,-2.6631530064053853e-17,-1.8093205391369722e-17,-3.3684148809845622e-09,-0.0000000000000000e+00,0.0000000000000000e+00,-0.0000000000000000e+00,-0.0000000000000000e+00,0.0000000000000000e+00,-0.0000000000000000e+00,
1.1269125704411533e-01,8.8730872929889071e-01,-3.3683900026808653e-09,-3.3683900339760906e-09,-2.9017362756687741e-17,9.9999998634300602e-01,-3.3683899846950868e-09,-3.3683900344840664e-09,-2.5764168726804737e-17,-0.0000000000000000e+00,-0.0000000000000000e+00,0.0000000000000000e+00,-0.0000000000000000e+00,-0.0000000000000000e+00,0.0000000000000000e+00,
1.1269125708417607e-01,8.8730872961432128e-01,-3.2521911383134610e-17,-3.3684149490431376e-09,-2.0524791885019460e-17,9.9999998669849732e-01,-1.8526886202244711e-17,-3.3684149187611361e-09,-2.6776090592464534e-17,-0.0000000000000000e+00,-0.0000000000000000e+00,-0.0000000000000000e+00,-0.0000000000000000e+00,-0.0000000000000000e+00,-0.0000000000000000e+00,
1.1269125708417607e-01,8.8730872961432139e-01,-3.3684149401533721e-09,-2.5547915640666176e-17,-2.5910008662788919e-17,9.9999998669849743e-01,-3.3684149071824112e-09,-3.0250171219153355e-17,-3.4013372905561052e-17,-0.0000000000000000e+00,-0.0000000000000000e+00,-0.0000000000000000e+00,-0.0000000000000000e+00,-0.0000000000000000e+00,-0.0000000000000000e+00,
1.1269125712423743e-01,8.8730872992975629e-01,-2.4753526411417601e-17,-2.0127597130766955e-17,-2.4356331687039629e-17,9.9999998705399373e-01,-2.6920650871888064e-17,-3.4157933256096528e-17,-2.7209771341966224e-17,-0.0000000000000000e+00,-0.0000000000000000e+00,-0.0000000000000000e+00,-0.0000000000000000e+00,-0.0000000000000000e+00,-0.0000000000000000e+00,

8,15
1.1269126004248239e-01,8.8730875290744204e-01,2.8620168283927176e-17,2.9414557590421313e-17,2.5910008819314135e-17,1.0000000129499245e+00,2.3735690869815766e-17,2.6342409924522362e-17,2.6776090842631241e-17,-0.0000000000000000e+00,-0.0000000000000000e+00,0.0000000000000000e+00,-0.0000000000000000e+00,-0.0000000000000000e+00,0.0000000000000000e+00,
1.1269126008256800e-01,8.8730875322306824e-01,3.3683651174255362e-09,3.6423654758907076e-17,2.2802655230821488e-17,1.0000000133056361e+00,3.3683651020081473e-09,1.8960567509426820e-17,4.0961534663362938e-17,-0.0000000000000000e+00,-0.0000000000000000e+00,0.0000000000000000e+00,-0.0000000000000000e+00,-0.0000000000000000e+00,0.0000000000000000e+00,
1.1269126008256800e-01,8.8730875322306801e-01,2.9017362975909900e-17,3.3683651224135585e-09,3.5232070931215297e-17,1.0000000133056359e+00,3.3724252273368799e-17,3.3683651355878388e-09,3.4302493839684054e-17,-0.0000000000000000e+00,-0.0000000000000000e+00,0.0000000000000000e+00,-0.0000000000000000e+00,-0.0000000000000000e+00,0.0000000000000000e+00,
1.1269126012265408e-01,8.8730875353869731e-01,3.3683900254835195e-09,3.3683900231354532e-09,3.3678393929264578e-17,1.0000000136613514e+00,3.3683900155234990e-09,3.3683900339058246e-09,3.8499376319440928e-17,-0.0000000000000000e+00,0.0000000000000000e+00,-0.0000000000000000e+00,-0.0000000000000000e+00,0.0000000000000000e+00,-0.0000000000000000e+00,
1.1269126008256800e-01,8.8730875322306801e-01,2.9017362931955329e-17,2.1284079699600044e-17,3.3683651023210631e-09,1.0000000133056359e+00,3.8354815892081265e-17,2.3157449743548734e-17,3.3683651049039867e-09,-0.0000000000000000e+00,-0.0000000000000000e+00,0.0000000000000000e+00,-0.0000000000000000e+00,-0.0000000000000000e+00,0.0000000000000000e+00,
1.1269126012265410e-01,8.8730875353869743e-01,3.3683900204603958e-09,2.1284079529869629e-17,3.3683900196660063e-09,1.0000000136613516e+00,3.3683900078525358e-09,1.8526886560664951e-17,3.3683900226162208e-09,-0.0000000000000000e+00,-0.0000000000000000e+00,-0.0000000000000000e+00,-0.0000000000000000e+00,-0.0000000000000000e+00,-0.0000000000000000e+00,
1.1269126012265410e-01,8.8730875353869743e-01,2.2043367396633334e-17,3.3683900146428829e-09,3.3683899898893567e-09,1.0000000136613516e+00,2.6053289156791834e-17,3.3683900149452580e-09,3.3683899951173292e-09,-0.0000000000000000e+00,-0.0000000000000000e+00,-0.0000000000000000e+00,-0.0000000000000000e+00,-0.0000000000000000e+00,-0.0000000000000000e+00,
1.1269126016274067e-01,8.8730875385433106e-01,3.3684149258432882e-09,3.3684149269646688e-09,3.3684149347681550e-09,1.0000000140170717e+00,3.3684148953145664e-09,3.3684149249864966e-09,3.3684148809845622e-09,-0.0000000000000000e+00,-0.0000000000000000e+00,-0.0000000000000000e+00,-0.0000000000000000e+00,-0.0000000000000000e+00,-0.0000000000000000e+00,

