1
1
15
0
(8 0
((0,0,0) (7,7,7) (0,0,0))
((8,0,0) (15,7,7) (0,0,0))
((0,8,0) (7,15,7) (0,0,0))
((8,8,0) (15,15,7) (0,0,0))
((0,0,8) (7,7,15) (0,0,0))
((8,0,8) (15,7,15) (0,0,0))
((0,8,8) (7,15,15) (0,0,0))
((8,8,8) (15,15,15) (0,0,0))
)
8
FabOnDisk: Cell_D_00000 0
FabOnDisk: Cell_D_00000 61527
FabOnDisk: Cell_D_00000 123055
FabOnDisk: Cell_D_00000 184583
FabOnDisk: Cell_D_00000 246112
FabOnDisk: Cell_D_00000 307640
FabOnDisk: Cell_D_00000 369169
FabOnDisk: Cell_D_00000 430698

8,15
0.00000000000000000e+00,0.00000000000000000e+00,0.00000000000000000e+00,0.00000000000000000e+00,0.00000000000000000e+00,9.99999999999999334e-01,-1.09613566069024504e-01,-5.47933743743021506e-02,0.00000000000000000e+00,-2.22222222222222238e-01,-1.11111111111111119e-01,-0.00000000000000000e+00,-2.22205402523922457e-01,-1.11094438078013447e-01,-0.00000000000000000e+00,
0.00000000000000000e+00,0.00000000000000000e+00,-1.11109752622407396e-01,0.00000000000000000e+00,0.00000000000000000e+00,9.99999999999999334e-01,-6.54174651793744074e-04,-5.51041617564373420e-02,0.00000000000000000e+00,-2.22222222222222238e-01,-1.11111111111111119e-01,-0.00000000000000000e+00,-2.22222222222222238e-01,-1.11107526568555687e-01,-0.00000000000000000e+00,
0.00000000000000000e+00,0.00000000000000000e+00,0.00000000000000000e+00,-5.55547296461213688e-02,0.00000000000000000e+00,9.99999999999999334e-01,-1.10322032033992351e-01,-3.27087488794914477e-04,0.00000000000000000e+00,-2.22222222222222238e-01,-1.11111111111111119e-01,-0.00000000000000000e+00,-2.22204631383129347e-01,-1.11111111111111119e-01,-0.00000000000000000e+00,
0.00000000000000000e+00,0.00000000000000000e+00,-1.10967756726702074e-01,-5.55549007530942093e-02,0.00000000000000000e+00,9.99999999999999334e-01,-5.54147491670978765e-02,-3.27087488794914477e-04,0.00000000000000000e+00,-2.22222222222222238e-01,-1.11111111111111119e-01,-0.00000000000000000e+00,-2.22222222222222238e-01,-1.11111111111111119e-01,-0.00000000000000000e+00,
0.00000000000000000e+00,0.00000000000000000e+00,0.00000000000000000e+00,0.00000000000000000e+00,0.00000000000000000e+00,9.99999999999999334e-01,-1.10322032033992351e-01,-5.55545604290392792e-02,0.00000000000000000e+00,-2.22222222222222238e-01,-1.11111111111111119e-01,-0.00000000000000000e+00,-2.22204631383129403e-01,-1.11110965297808673e-01,-0.00000000000000000e+00,
0.00000000000000000e+00,0.00000000000000000e+00,-1.10967756726702074e-01,0.00000000000000000e+00,0.00000000000000000e+00,9.99999999999999334e-01,-5.54147491670978765e-02,-5.55547492805843132e-02,0.00000000000000000e+00,-2.22222222222222238e-01,-1.11111111111111119e-01,-0.00000000000000000e+00,-2.22222222222222238e-01,-1.11111098601250416e-01,-0.00000000000000000e+00,
0.00000000000000000e+00,0.00000000000000000e+00,0.00000000000000000e+00,-5.54133418350796561e-02,0.00000000000000000e+00,9.99999999999999334e-01,-1.11101010089442093e-01,-5.53681005521632075e-02,0.00000000000000000e+00,-2.22222222222222238e-01,-1.11111111111111119e-01,-0.00000000000000000e+00,-2.22221929297712784e-01,-1.11111111111111119e-01,-0.00000000000000000e+00,
0.00000000000000000e+00,0.00000000000000000e+00,-1.10827751547163122e-01,-5.54130748836574386e-02,0.00000000000000000e+00,9.99999999999999334e-01,-1.07762655018042483e-01,-5.53681005521632075e-02,0.00000000000000000e+00,-2.22222222222222238e-01,-1.11111111111111119e-01,-0.00000000000000000e+00,-2.22222222222222238e-01,-1.11111111111111119e-01,-0.00000000000000000e+00,

8,15
1.00000000000000022e+00,1.00000000000000022e+00,2.22177031698444827e-01,2.72813193436226731e-01,2.84012295017372574e-01,1.00000000000000067e+00,3.83695693311692908e-03,5.48471549707713543e-02,5.67568769129832562e-02,4.44444444444444475e-01,5.55555555555555580e-01,6.66666666666666741e-01,4.44444444444444420e-01,5.55555555483975283e-01,6.66666373335708551e-01,
1.00000000000000022e+00,1.00000000000000022e+00,4.01363490306839987e-03,2.77591708361950462e-01,3.27659404112669528e-01,1.00000000000000067e+00,2.20682835861235743e-01,5.48471549707713404e-02,5.67568769129832632e-02,4.44444444444444475e-01,5.55555555555555580e-01,6.66666666666666741e-01,4.44444152908005263e-01,5.55555555555555469e-01,6.66666666595086443e-01,
1.00000000000000022e+00,1.00000000000000022e+00,2.22037026518905889e-01,5.44893039508620031e-02,3.27659404112669583e-01,1.00000000000000067e+00,5.48404506407050782e-02,2.23200047298358240e-01,5.67568769129832632e-02,4.44444444444444475e-01,5.55555555555555580e-01,6.66666666666666741e-01,4.44444444444444420e-01,5.55554343729239841e-01,6.66666666595086221e-01,
1.00000000000000022e+00,1.00000000000000022e+00,3.73294604554159264e-03,5.44893039508620031e-02,3.33006385025456209e-01,1.00000000000000067e+00,2.21391301826203590e-01,2.76218197851392011e-01,5.67568769129832632e-02,4.44444444444444475e-01,5.55555555555555580e-01,6.66666666666666741e-01,4.44427144856547884e-01,5.55555409716017246e-01,6.66666666666666519e-01,
1.00000000000000022e+00,1.00000000000000022e+00,2.22037026518905889e-01,2.72812816024671334e-01,1.09335514627304842e-01,1.00000000000000067e+00,5.48404506407050782e-02,5.67103008405887773e-02,2.72013237175353584e-01,4.44444444444444475e-01,5.55555555555555580e-01,6.66666666666666741e-01,4.44444444444444475e-01,5.55555555484252173e-01,6.66666666657292351e-01,
1.00000000000000022e+00,1.00000000000000022e+00,3.73294604554159221e-03,2.77451703182411524e-01,1.09335514627304842e-01,1.00000000000000067e+00,2.21391301826203590e-01,5.67103008405887773e-02,2.76224902181458232e-01,4.44444444444444475e-01,5.55555555555555580e-01,6.66666666666666741e-01,4.44427144856547995e-01,5.55555555555555469e-01,6.66666666666666075e-01,
1.00000000000000022e+00,1.00000000000000022e+00,2.21897021339366896e-01,5.53896225884964385e-02,1.09335514627304842e-01,1.00000000000000067e+00,5.66637247661837470e-02,2.27708785574250366e-01,2.76224902181458232e-01,4.44444444444444475e-01,5.55555555555555580e-01,6.66666666666666741e-01,4.44444444444444475e-01,5.55538255990114971e-01,6.66666666666666075e-01,
1.00000000000000022e+00,1.00000000000000022e+00,9.54101905241956432e-04,5.53896225884964385e-02,1.09335514627304842e-01,1.00000000000000067e+00,2.22099767791171437e-01,2.76926663816359830e-01,3.31753559841548196e-01,4.44444444444444475e-01,5.55555555555555580e-01,6.66666666666666741e-01,4.44443859577630329e-01,5.55538255990114860e-01,6.66666666666666741e-01,

