1
1
15
0
(8 0
((0,0,0) (7,7,7) (0,0,0))
((8,0,0) (15,7,7) (0,0,0))
((0,8,0) (7,15,7) (0,0,0))
((8,8,0) (15,15,7) (0,0,0))
((0,0,8) (7,7,15) (0,0,0))
((8,0,8) (15,7,15) (0,0,0))
((0,8,8) (7,15,15) (0,0,0))
((8,8,8) (15,15,15) (0,0,0))
)
8
FabOnDisk: Cell_D_00000 0
FabOnDisk: Cell_D_00000 61527
FabOnDisk: Cell_D_00001 0
FabOnDisk: Cell_D_00001 61528
FabOnDisk: Cell_D_00002 0
FabOnDisk: Cell_D_00002 61528
FabOnDisk: Cell_D_00003 0
FabOnDisk: Cell_D_00003 61529

8,15
0.00000000000000000e+00,0.00000000000000000e+00,-7.40740740740740838e-02,-3.70370370370370419e-02,0.00000000000000000e+00,9.99999999999999334e-01,-1.09653278647262542e-01,-5.48132258055145580e-02,0.00000000000000000e+00,-2.22222222222222238e-01,-1.11111111111111119e-01,-0.00000000000000000e+00,-2.22205402523922457e-01,-1.11094438078013447e-01,-0.00000000000000000e+00,
0.00000000000000000e+00,0.00000000000000000e+00,-1.11109899286009853e-01,-3.70370370370370419e-02,0.00000000000000000e+00,9.99999999999999334e-01,-7.40740740740740838e-02,-5.52434562361737019e-02,0.00000000000000000e+00,-2.22222222222222238e-01,-1.11111111111111119e-01,-0.00000000000000000e+00,-2.22222222222222238e-01,-1.11107526568555687e-01,-0.00000000000000000e+00,
0.00000000000000000e+00,0.00000000000000000e+00,-7.40740740740740838e-02,-5.55548029777290023e-02,0.00000000000000000e+00,9.99999999999999334e-01,-1.10362001286755926e-01,-3.70370370370370419e-02,0.00000000000000000e+00,-2.22222222222222238e-01,-1.11111111111111119e-01,-0.00000000000000000e+00,-2.22204631383129347e-01,-1.11111111111111119e-01,-0.00000000000000000e+00,
0.00000000000000000e+00,0.00000000000000000e+00,-1.10969356414846620e-01,-5.55549740849277038e-02,0.00000000000000000e+00,9.99999999999999334e-01,-7.40740740740740838e-02,-3.70370370370370419e-02,0.00000000000000000e+00,-2.22222222222222238e-01,-1.11111111111111119e-01,-0.00000000000000000e+00,-2.22222222222222238e-01,-1.11111111111111119e-01,-0.00000000000000000e+00,
0.00000000000000000e+00,0.00000000000000000e+00,-7.40740740740740838e-02,-3.70370370370370419e-02,0.00000000000000000e+00,9.99999999999999334e-01,-1.10362001286755926e-01,-5.55546332762807196e-02,0.00000000000000000e+00,-2.22222222222222238e-01,-1.11111111111111119e-01,-0.00000000000000000e+00,-2.22204631383129403e-01,-1.11110965297808673e-01,-0.00000000000000000e+00,
0.00000000000000000e+00,0.00000000000000000e+00,-1.10969356414846620e-01,-3.70370370370370419e-02,0.00000000000000000e+00,9.99999999999999334e-01,-7.40740740740740838e-02,-5.55547512858860990e-02,0.00000000000000000e+00,-2.22222222222222238e-01,-1.11111111111111119e-01,-0.00000000000000000e+00,-2.22222222222222238e-01,-1.11111098601250416e-01,-0.00000000000000000e+00,
0.00000000000000000e+00,0.00000000000000000e+00,-7.40740740740740838e-02,-5.54141406623119837e-02,0.00000000000000000e+00,9.99999999999999334e-01,-1.11101928508892125e-01,-5.55080622268275189e-02,0.00000000000000000e+00,-2.22222222222222238e-01,-1.11111111111111119e-01,-0.00000000000000000e+00,-2.22221929297712784e-01,-1.11111111111111119e-01,-0.00000000000000000e+00,
0.00000000000000000e+00,0.00000000000000000e+00,-1.10829349217022061e-01,-5.54138737070414486e-02,0.00000000000000000e+00,9.99999999999999334e-01,-1.09736396893044152e-01,-5.55080622268275189e-02,0.00000000000000000e+00,-2.22222222222222238e-01,-1.11111111111111119e-01,-0.00000000000000000e+00,-2.22222222222222238e-01,-1.11111111111111119e-01,-0.00000000000000000e+00,

8,15
1.00000000000000022e+00,1.00000000000000022e+00,2.22180234556410811e-01,2.76339676894464537e-01,3.15744520016063013e-01,1.00000000000000067e+00,1.48148148148148140e-01,1.85185185173255162e-01,2.22222173333729178e-01,4.44444444444444475e-01,5.55555555555555580e-01,6.66666666666666741e-01,4.44444444444444420e-01,5.55555555483975283e-01,6.66666373335708551e-01,
1.00000000000000022e+00,1.00000000000000022e+00,1.48148148148148168e-01,2.77595710066391388e-01,3.31894849818155535e-01,1.00000000000000067e+00,2.20762788413636168e-01,1.85185185185185175e-01,2.22222222210292197e-01,4.44444444444444475e-01,5.55555555555555580e-01,6.66666666666666741e-01,4.44444152908005263e-01,5.55555555555555469e-01,6.66666666595086443e-01,
1.00000000000000022e+00,1.00000000000000022e+00,2.22040227358586251e-01,1.85185185185185203e-01,3.31894849818155591e-01,1.00000000000000067e+00,1.48148148148148140e-01,2.54029754081546821e-01,2.22222222210292142e-01,4.44444444444444475e-01,5.55555555555555580e-01,6.66666666666666741e-01,4.44444444444444420e-01,5.55554343729239841e-01,6.66666666595086221e-01,
1.00000000000000022e+00,1.00000000000000022e+00,1.48148148148148168e-01,1.85185185185185203e-01,3.33011185576372049e-01,1.00000000000000067e+00,2.21471511053129538e-01,2.76318270654297038e-01,2.22222222222222182e-01,4.44444444444444475e-01,5.55555555555555580e-01,6.66666666666666741e-01,4.44427144856547884e-01,5.55555409716017246e-01,6.66666666666666519e-01,
1.00000000000000022e+00,1.00000000000000022e+00,2.22040227358586251e-01,2.76339294604348862e-01,2.22222222222222265e-01,1.00000000000000067e+00,1.48148148148148168e-01,1.85185185173301320e-01,3.09585309604407111e-01,4.44444444444444475e-01,5.55555555555555580e-01,6.66666666666666741e-01,4.44444444444444475e-01,5.55555555484252173e-01,6.66666666657292351e-01,
1.00000000000000022e+00,1.00000000000000022e+00,1.48148148148148168e-01,2.77455702868566856e-01,2.22222222222222265e-01,1.00000000000000067e+00,2.21471511053129538e-01,1.85185185185185175e-01,3.09585309604407111e-01,4.44444444444444475e-01,5.55555555555555580e-01,6.66666666666666741e-01,4.44427144856547995e-01,5.55555555555555469e-01,6.66666666666666075e-01,
1.00000000000000022e+00,1.00000000000000022e+00,2.21900220160761663e-01,1.85185185185185203e-01,2.22222222222222265e-01,1.00000000000000067e+00,1.48148148148148168e-01,2.59161265876935942e-01,3.09585309604407111e-01,4.44444444444444475e-01,5.55555555555555580e-01,6.66666666666666741e-01,4.44444444444444475e-01,5.55538255990114971e-01,6.66666666666666075e-01,
1.00000000000000022e+00,1.00000000000000022e+00,1.48148148148148168e-01,1.85185185185185203e-01,2.22222222222222265e-01,1.00000000000000067e+00,2.22180233692622936e-01,2.77026993293790380e-01,3.31873752894957852e-01,4.44444444444444475e-01,5.55555555555555580e-01,6.66666666666666741e-01,4.44443859577630329e-01,5.55538255990114860e-01,6.66666666666666741e-01,

