1
1
15
0
(8 0
((0,0,0) (7,7,7) (0,0,0))
((8,0,0) (15,7,7) (0,0,0))
((0,8,0) (7,15,7) (0,0,0))
((8,8,0) (15,15,7) (0,0,0))
((0,0,8) (7,7,15) (0,0,0))
((8,0,8) (15,7,15) (0,0,0))
((0,8,8) (7,15,15) (0,0,0))
((8,8,8) (15,15,15) (0,0,0))
)
8
FabOnDisk: Cell_D_00000 0
FabOnDisk: Cell_D_00000 61527
FabOnDisk: Cell_D_00000 123055
FabOnDisk: Cell_D_00000 184583
FabOnDisk: Cell_D_00000 246112
FabOnDisk: Cell_D_00000 307640
FabOnDisk: Cell_D_00000 369169
FabOnDisk: Cell_D_00000 430698

8,15
5.1870159124280078e-02,5.3439279477050372e-01,7.5236844445982160e-04,8.4101203801868630e-03,1.8986078911091761e-02,7.8933190805744313e-01,6.6831073172454614e-03,1.5137352967502024e-02,2.4286180024299060e-02,-1.0353473326204940e-02,-3.0270433117656870e-02,-6.7805972830574462e-02,-7.3971066347600950e-02,-1.0607867408724589e-01,-1.4092371988174179e-01,
5.2157921080549619e-02,4.5523941622615272e-01,8.7460130972371909e-03,7.7812105935957639e-03,1.8221702640867345e-02,7.6972128494830128e-01,5.1221448828334196e-03,1.4989899303317246e-02,2.3986673229050938e-02,-1.1731398897199205e-01,-3.5252086742798380e-02,-7.9940220767970374e-02,-2.9689349874870444e-02,-1.3128773152362119e-01,-1.7469273912268785e-01,
5.2954507039622491e-02,3.4673064464467723e-01,-1.9720140409864324e-03,1.6712545437534337e-02,1.8123738841261384e-02,7.6278969526759210e-01,7.4719281629793168e-03,1.2527868070220008e-02,2.4416395938583559e-02,-1.4686549442913532e-02,-1.3756933171131219e-01,-9.9038386157717206e-02,-1.2342167832937082e-01,-8.1190604166193794e-02,-2.2538238333520805e-01,
5.3291435526237614e-02,2.6767509349060570e-01,8.7965215786948887e-03,1.6968404529962924e-02,1.7783954266103533e-02,7.6335128711568734e-01,4.0229139185273249e-03,1.1863615852281299e-02,2.4399340681839538e-02,-1.5810191611612545e-01,-1.5700576579899644e-01,-1.1720072922330667e-01,-4.4389014468925528e-02,-9.6548719544217732e-02,-2.6789103759154143e-01,
5.4108231196744710e-02,2.0694618600089648e-01,-2.2675969672609573e-03,9.0286700157423301e-03,2.5220771433746948e-02,7.6274516334299314e-01,7.4570596768445954e-03,1.6094371241750980e-02,2.0611073159769108e-02,-1.9537049245428539e-02,-5.7532732997740622e-02,-1.7011733520756059e-01,-1.7642851940667714e-01,-2.2341772870445215e-01,-1.4491648701703191e-01,
5.4527958874633936e-02,1.4341968155316104e-01,8.5749944743390653e-03,8.5453163340914254e-03,2.5508424896792056e-02,7.6376227352834292e-01,2.3711877500804377e-03,1.6341880791335139e-02,1.9918102363673355e-02,-1.8645794458792930e-01,-6.8170998747132089e-02,-1.9290071294545189e-01,-5.8068937974621850e-02,-2.4950077916671209e-01,-1.7157403190192225e-01,
5.5669066098968996e-02,8.1934780281395378e-02,-1.9831978650101736e-03,1.7452778110948971e-02,2.5158211823012856e-02,7.6189217638357465e-01,7.4902248208971204e-03,1.1541893921888860e-02,1.9823860070352813e-02,-2.8850567511282080e-02,-2.1152333066355258e-01,-2.2042209369421412e-01,-2.5139377402023655e-01,-1.4594531268451594e-01,-2.0685090216364738e-01,
5.6294601786384561e-02,5.2105222032033459e-02,7.5120095193350481e-03,1.6583362232023613e-02,2.4095816985709090e-02,7.6508039617981116e-01,3.2773276364933676e-04,1.0833730519838082e-02,1.8924109941904334e-02,-2.2640367384302112e-01,-2.2398483090487065e-01,-2.3791128581485591e-01,-6.7516130757642401e-02,-1.5057580144404750e-01,-2.2705826331284334e-01,

8,15
2.5493911328693941e-01,1.0171108088113183e+00,1.5738741048535763e-02,3.2236023333630431e-02,4.7492601782854874e-02,1.0693428011182085e+00,1.5898676139148017e-02,3.0296271169990441e-02,4.3492545484618172e-02,1.2895205315523744e-01,1.5444257214125068e-01,1.9396701169303610e-01,2.6887004186529322e-03,8.4277165739901731e-03,2.1334379585612406e-02,
3.1448186872214862e-01,1.0154758088118085e+00,2.2551771882146330e-02,3.2735240398879414e-02,4.8248036208453672e-02,1.0676337298923582e+00,1.5155088530787821e-02,3.0956123788947576e-02,4.3787145961362600e-02,3.4239364213103460e-02,1.7301851192840556e-01,2.0667231521127577e-01,7.0048040729753625e-02,9.9945212181070837e-03,2.6065810242442700e-02,
4.1791375392737995e-01,1.0114224997033117e+00,1.6658018582244485e-02,3.6135419608665169e-02,4.8806208820757362e-02,1.0643865111020283e+00,1.7669948303872442e-02,3.0365681662757556e-02,4.3996547121964928e-02,1.6398996033329116e-01,8.5880974188416837e-02,2.2963248389039409e-01,3.9436516721293932e-03,9.3288019943042311e-02,3.4103775311781305e-02,
5.1680066085290333e-01,1.0094426016878755e+00,2.5390175901403883e-02,3.7218294652706749e-02,4.9213857593276122e-02,1.0627908631174936e+00,1.6241266934832872e-02,3.0932363097841181e-02,4.4563850014411689e-02,3.5539114212380048e-02,8.6593901847891119e-02,2.5001627485239958e-01,1.1711321561365973e-01,1.1666918066696322e-01,4.2458797476111101e-02,
6.1455853015606787e-01,1.0084397589706644e+00,1.7538019231996119e-02,3.3650621902947035e-02,4.8464388048474361e-02,1.0631759094750708e+00,1.7044516691467063e-02,3.1061200393780339e-02,4.4359726600784841e-02,1.9666260471506405e-01,2.1543750498069794e-01,1.3750404745406769e-01,5.4869717440136582e-03,1.7738586330056746e-02,1.3610835693457907e-01,
7.4486196763489743e-01,1.0046324145419849e+00,2.5814217542834660e-02,3.3878903761407717e-02,4.9799168189054971e-02,1.0601168694153240e+00,1.5663518516441065e-02,3.2561916798935706e-02,4.4569783876479079e-02,3.6554114409111660e-02,2.3505016612937993e-01,1.3747821166188134e-01,1.6793678638283818e-01,2.1754182957608115e-02,1.6935054285240972e-01,
9.2344822729875697e-01,9.9978419787391382e-01,1.8655153202790160e-02,3.8375897690025709e-02,5.0814509330782041e-02,1.0554532639728829e+00,2.1219366191904322e-02,3.0927145008746625e-02,4.4757709403382091e-02,2.2243780034723520e-01,8.7659619155874058e-02,1.3846492111623715e-01,8.6421052730980275e-03,2.1705379431698960e-01,2.1949868125740629e-01,
1.0453779697555150e+00,9.9722283185234140e-01,2.5282651696583506e-02,3.8365015099867401e-02,5.1527440709120673e-02,1.0974831917875485e+00,1.8968872488192571e-02,3.2767404342054079e-02,4.5317402438264494e-02,3.9758139654183872e-02,8.9466672411991313e-02,1.3869787096615552e-01,2.4272705320747812e-01,2.4947328703984728e-01,2.6022665261519223e-01,

