1
1
15
0
(8 0
((0,0,0) (7,7,7) (0,0,0))
((8,0,0) (15,7,7) (0,0,0))
((0,8,0) (7,15,7) (0,0,0))
((8,8,0) (15,15,7) (0,0,0))
((0,0,8) (7,7,15) (0,0,0))
((8,0,8) (15,7,15) (0,0,0))
((0,8,8) (7,15,15) (0,0,0))
((8,8,8) (15,15,15) (0,0,0))
)
8
FabOnDisk: Cell_D_00000 0
FabOnDisk: Cell_D_00000 61527
FabOnDisk: Cell_D_00000 123055
FabOnDisk: Cell_D_00000 184583
FabOnDisk: Cell_D_00000 246112
FabOnDisk: Cell_D_00000 307640
FabOnDisk: Cell_D_00000 369169
FabOnDisk: Cell_D_00000 430698

8,15
1.1269116882721386e-01,8.8730803469640984e-01,-1.8573916136998673e-17,-1.5104471371055893e-17,-2.5874899820286467e-17,9.9999920352362370e-01,-1.1000482712272650e-17,-3.3868784334876327e-17,-4.9499845238713809e-17,-0.0000000000000000e+00,0.0000000000000000e+00,-0.0000000000000000e+00,-0.0000000000000000e+00,-0.0000000000000000e+00,-0.0000000000000000e+00,
1.1269116635667478e-01,8.8730801524387193e-01,-7.4472541598452849e-08,-2.6704390502135930e-17,-2.2837750007515364e-17,9.9999918160054668e-01,-7.4472541662686269e-08,-3.3724224166120399e-17,-3.0683858614012985e-17,-0.0000000000000000e+00,-0.0000000000000000e+00,-0.0000000000000000e+00,-0.0000000000000000e+00,-0.0000000000000000e+00,-0.0000000000000000e+00,
1.1269116635667480e-01,8.8730801524387204e-01,-2.3597041115969149e-17,-7.4472541611968543e-08,-2.5945103599729530e-17,9.9999918160054679e-01,-3.7342890961774720e-17,-7.4472541689317792e-08,-2.2434630775527285e-17,-0.0000000000000000e+00,-0.0000000000000000e+00,-0.0000000000000000e+00,-0.0000000000000000e+00,0.0000000000000000e+00,-0.0000000000000000e+00,
1.1269116388568447e-01,8.8730799578778186e-01,-7.4465952542545869e-08,-7.4465952530116455e-08,-2.9414535299282293e-17,9.9999915967346631e-01,-7.4465952618911938e-08,-7.4465952647861036e-08,-3.4302497271589008e-17,-0.0000000000000000e+00,-0.0000000000000000e+00,0.0000000000000000e+00,-0.0000000000000000e+00,-0.0000000000000000e+00,0.0000000000000000e+00,
1.1269116635667478e-01,8.8730801524387204e-01,-2.6669288296056133e-17,-1.7055340076737080e-17,-7.4472541592238141e-08,9.9999918160054679e-01,-3.4736163662072114e-17,-3.4013360036790330e-17,-7.4472541677160831e-08,-0.0000000000000000e+00,0.0000000000000000e+00,-0.0000000000000000e+00,-0.0000000000000000e+00,0.0000000000000000e+00,-0.0000000000000000e+00,
1.1269116388568444e-01,8.8730799578778174e-01,-7.4465952546377409e-08,-2.7860859505417132e-17,-7.4465952547966178e-08,9.9999915967346620e-01,-7.4465952648728397e-08,-3.4736165174712438e-17,-7.4465952619201054e-08,-0.0000000000000000e+00,-0.0000000000000000e+00,0.0000000000000000e+00,-0.0000000000000000e+00,-0.0000000000000000e+00,0.0000000000000000e+00,
1.1269116388568444e-01,8.8730799578778197e-01,-2.5945097374021976e-17,-7.4465952534415398e-08,-7.4465952543702347e-08,9.9999915967346642e-01,-3.3868797700039173e-17,-7.4465952618478257e-08,-7.4465952622675133e-08,-0.0000000000000000e+00,-0.0000000000000000e+00,0.0000000000000000e+00,-0.0000000000000000e+00,-0.0000000000000000e+00,0.0000000000000000e+00,
1.1269116141424304e-01,8.8730797632813929e-01,-7.4459363459583638e-08,-7.4459363456114204e-08,-7.4459363454560521e-08,9.9999913774238236e-01,-7.4459363547794483e-08,-7.4459363536504897e-08,-7.4459363540123527e-08,-0.0000000000000000e+00,-0.0000000000000000e+00,0.0000000000000000e+00,-0.0000000000000000e+00,-0.0000000000000000e+00,0.0000000000000000e+00,

8,15
1.1269135528480764e-01,8.8730950282672549e-01,7.4472541607704698e-08,7.4472541592600222e-08,7.4472541592635347e-08,1.0000008581115332e+00,7.4472541692791871e-08,7.4472541695687691e-08,7.4472541669778992e-08,-0.0000000000000000e+00,0.0000000000000000e+00,-0.0000000000000000e+00,-0.0000000000000000e+00,-0.0000000000000000e+00,-0.0000000000000000e+00,
1.1269135283707668e-01,8.8730948355377381e-01,1.9368307473086085e-17,7.4465952528959977e-08,7.4465952530116455e-08,1.0000008363908506e+00,1.9538808896978177e-17,7.4465952644097840e-08,7.4465952647861036e-08,-0.0000000000000000e+00,-0.0000000000000000e+00,-0.0000000000000000e+00,-0.0000000000000000e+00,-0.0000000000000000e+00,-0.0000000000000000e+00,
1.1269135283707668e-01,8.8730948355377381e-01,7.4465952552557004e-08,2.5185817695647541e-17,7.4465952551038433e-08,1.0000008363908506e+00,7.4465952660162561e-08,2.9816508570286599e-17,7.4465952637872492e-08,-0.0000000000000000e+00,-0.0000000000000000e+00,-0.0000000000000000e+00,-0.0000000000000000e+00,0.0000000000000000e+00,-0.0000000000000000e+00,
1.1269135038889444e-01,8.8730946427726998e-01,2.1284088043958431e-17,4.5640412473127811e-17,7.4459363451850359e-08,1.0000008146661643e+00,3.4013386445830976e-17,4.6025770263062090e-17,7.4459363539978976e-08,-0.0000000000000000e+00,-0.0000000000000000e+00,0.0000000000000000e+00,-0.0000000000000000e+00,-0.0000000000000000e+00,0.0000000000000000e+00,
1.1269135283707668e-01,8.8730948355377381e-01,7.4465952565745691e-08,7.4465952523936860e-08,2.0127603051957976e-17,1.0000008363908506e+00,7.4465952642358485e-08,7.4465952636426885e-08,2.9816510429704235e-17,-0.0000000000000000e+00,0.0000000000000000e+00,-0.0000000000000000e+00,-0.0000000000000000e+00,0.0000000000000000e+00,-0.0000000000000000e+00,
1.1269135038889443e-01,8.8730946427726987e-01,2.6307206383996074e-17,7.4459363449140211e-08,3.2884019649130041e-17,1.0000008146661643e+00,3.0828418152347449e-17,7.4459363539834411e-08,3.3724262022559242e-17,-0.0000000000000000e+00,-0.0000000000000000e+00,0.0000000000000000e+00,-0.0000000000000000e+00,-0.0000000000000000e+00,0.0000000000000000e+00,
1.1269135038889441e-01,8.8730946427726987e-01,7.4459363465366054e-08,1.8573925632205758e-17,2.5945111040287270e-17,1.0000008146661643e+00,7.4459363566610486e-08,3.7342912415804616e-17,3.4591624025634775e-17,-0.0000000000000000e+00,-0.0000000000000000e+00,0.0000000000000000e+00,-0.0000000000000000e+00,-0.0000000000000000e+00,0.0000000000000000e+00,
1.1269134794026106e-01,8.8730944499721243e-01,1.8176739812396941e-17,1.7779541697311224e-17,2.0886899440029936e-17,1.0000007929374735e+00,2.6631535134670820e-17,4.5303004361115745e-17,2.9671942157904341e-17,-0.0000000000000000e+00,-0.0000000000000000e+00,0.0000000000000000e+00,-0.0000000000000000e+00,-0.0000000000000000e+00,0.0000000000000000e+00,

