1
1
15
0
(8 0
((0,0,0) (7,7,7) (0,0,0))
((8,0,0) (15,7,7) (0,0,0))
((0,8,0) (7,15,7) (0,0,0))
((8,8,0) (15,15,7) (0,0,0))
((0,0,8) (7,7,15) (0,0,0))
((8,0,8) (15,7,15) (0,0,0))
((0,8,8) (7,15,15) (0,0,0))
((8,8,8) (15,15,15) (0,0,0))
)
8
FabOnDisk: Cell_D_00000 0
FabOnDisk: Cell_D_00000 61527
FabOnDisk: Cell_D_00000 123055
FabOnDisk: Cell_D_00000 184583
FabOnDisk: Cell_D_00000 246112
FabOnDisk: Cell_D_00000 307640
FabOnDisk: Cell_D_00000 369169
FabOnDisk: Cell_D_00000 430698

8,15
1.1269043286797996e-01,8.8730223989870582e-01,-8.3462501434923351e-07,-8.3462501433416426e-07,-8.3462501433954938e-07,9.9999267276668580e-01,-8.3462488485156624e-07,-8.3462488482855352e-07,-8.3462488485475119e-07,-0.0000000000000000e+00,-0.0000000000000000e+00,0.0000000000000000e+00,-0.0000000000000000e+00,-0.0000000000000000e+00,0.0000000000000000e+00,
1.1269045393424092e-01,8.8730240577028585e-01,-2.3597084448110453e-17,-8.3561974745200150e-07,-8.3561974747444194e-07,9.9999285970452678e-01,-3.0249963395271486e-17,-8.3561961796403604e-07,-8.3561961797633729e-07,-0.0000000000000000e+00,-0.0000000000000000e+00,0.0000000000000000e+00,-0.0000000000000000e+00,-0.0000000000000000e+00,0.0000000000000000e+00,
1.1269045393424090e-01,8.8730240577028574e-01,-8.3561974745471179e-07,-4.3689637355343745e-17,-8.3561974745395232e-07,9.9999285970452667e-01,-8.3561961796418046e-07,-4.6748684352222582e-17,-8.3561961795303531e-07,-0.0000000000000000e+00,-0.0000000000000000e+00,0.0000000000000000e+00,-0.0000000000000000e+00,-0.0000000000000000e+00,0.0000000000000000e+00,
1.1269047499175189e-01,8.8730257157297054e-01,-3.2883907011989631e-17,-2.5115535354309898e-17,-8.3661448443137565e-07,9.9999304656472243e-01,-3.3290490417730900e-17,-3.8354686898491567e-17,-8.3661435494046062e-07,-0.0000000000000000e+00,0.0000000000000000e+00,-0.0000000000000000e+00,-0.0000000000000000e+00,0.0000000000000000e+00,-0.0000000000000000e+00,
1.1269045393424090e-01,8.8730240577028585e-01,-8.3561974746512013e-07,-8.3561974745160435e-07,-3.6750412258225841e-17,9.9999285970452678e-01,-8.3561961799804918e-07,-8.3561961797141762e-07,-4.8776856206212587e-17,-0.0000000000000000e+00,-0.0000000000000000e+00,0.0000000000000000e+00,-0.0000000000000000e+00,-0.0000000000000000e+00,0.0000000000000000e+00,
1.1269047499175189e-01,8.8730257157297066e-01,-2.7825587390158545e-17,-8.3661448442516076e-07,-2.7101466495383585e-17,9.9999304656472254e-01,-3.8499110895115203e-17,-8.3661435495493493e-07,-4.5302712674435317e-17,-0.0000000000000000e+00,0.0000000000000000e+00,-0.0000000000000000e+00,-0.0000000000000000e+00,0.0000000000000000e+00,-0.0000000000000000e+00,
1.1269047499175190e-01,8.8730257157297066e-01,-8.3661448442053490e-07,-3.1330273199044120e-17,-2.8655200111430709e-17,9.9999304656472254e-01,-8.3661435493988241e-07,-3.0539223181585526e-17,-4.8632296514604421e-17,-0.0000000000000000e+00,-0.0000000000000000e+00,-0.0000000000000000e+00,-0.0000000000000000e+00,-0.0000000000000000e+00,-0.0000000000000000e+00,
1.1269049604051254e-01,8.8730273730675646e-01,-2.2043284806093891e-17,-3.0933073574896858e-17,-3.0932982926861397e-17,9.9999323334726897e-01,-3.0394562221231924e-17,-3.7921012682907488e-17,-3.4157742628144386e-17,-0.0000000000000000e+00,-0.0000000000000000e+00,-0.0000000000000000e+00,-0.0000000000000000e+00,-0.0000000000000000e+00,-0.0000000000000000e+00,

8,15
1.1269201338756259e-01,8.8731468459787988e-01,2.4356446028110984e-17,1.8211885895747580e-17,2.8258094961227474e-17,1.0000066979854425e+00,4.1539939085192728e-17,3.7487551342678957e-17,4.5158706860941927e-17,-0.0000000000000000e+00,-0.0000000000000000e+00,0.0000000000000000e+00,-0.0000000000000000e+00,-0.0000000000000000e+00,0.0000000000000000e+00,
1.1269203401124872e-01,8.8731484698471275e-01,8.3462501434572901e-07,2.3994338602667796e-17,2.3959276492386810e-17,1.0000068809959615e+00,8.3462488486618529e-07,3.3290767579704150e-17,3.4591815131318185e-17,-0.0000000000000000e+00,-0.0000000000000000e+00,0.0000000000000000e+00,-0.0000000000000000e+00,-0.0000000000000000e+00,0.0000000000000000e+00,
1.1269203401124872e-01,8.8731484698471275e-01,2.1249029551315918e-17,8.3462501433376711e-07,2.1284131156828217e-17,1.0000068809959615e+00,4.4580367433931639e-17,8.3462488483593520e-07,3.0394684851302598e-17,-0.0000000000000000e+00,-0.0000000000000000e+00,0.0000000000000000e+00,-0.0000000000000000e+00,-0.0000000000000000e+00,0.0000000000000000e+00,
1.1269205462617586e-01,8.8731500930257867e-01,8.3561974745124235e-07,8.3561974744119611e-07,3.6750686508153264e-17,1.0000070639287546e+00,8.3561961795289089e-07,8.3561961793754911e-07,4.5881329687482676e-17,-0.0000000000000000e+00,0.0000000000000000e+00,-0.0000000000000000e+00,-0.0000000000000000e+00,0.0000000000000000e+00,-0.0000000000000000e+00,
1.1269203401124871e-01,8.8731484698471275e-01,2.2837854773473072e-17,2.9414679691465587e-17,8.3462501434807709e-07,1.0000068809959615e+00,2.6631655210519192e-17,3.7776731361071940e-17,8.3462488484780298e-07,-0.0000000000000000e+00,-0.0000000000000000e+00,0.0000000000000000e+00,-0.0000000000000000e+00,-0.0000000000000000e+00,0.0000000000000000e+00,
1.1269205462617589e-01,8.8731500930257878e-01,8.3561974746360140e-07,3.0968363112126147e-17,8.3561974746786516e-07,1.0000070639287546e+00,8.3561961797575898e-07,4.0816973770405797e-17,8.3561961797228498e-07,-0.0000000000000000e+00,0.0000000000000000e+00,-0.0000000000000000e+00,-0.0000000000000000e+00,0.0000000000000000e+00,-0.0000000000000000e+00,
1.1269205462617589e-01,8.8731500930257878e-01,2.0851783053309780e-17,8.3561974745666262e-07,8.3561974743924518e-07,1.0000070639287546e+00,4.1828895784492337e-17,8.3561961795318005e-07,8.3561961794854942e-07,-0.0000000000000000e+00,-0.0000000000000000e+00,-0.0000000000000000e+00,-0.0000000000000000e+00,-0.0000000000000000e+00,-0.0000000000000000e+00,
1.1269207523234354e-01,8.8731517155147588e-01,8.3661448441934334e-07,8.3661448442863031e-07,8.3661448442360730e-07,1.0000072467838195e+00,8.3661435496202788e-07,8.3661435496622471e-07,8.3661435495855388e-07,-0.0000000000000000e+00,-0.0000000000000000e+00,-0.0000000000000000e+00,-0.0000000000000000e+00,-0.0000000000000000e+00,-0.0000000000000000e+00,

