1
1
15
0
(8 0
((0,0,0) (7,7,7) (0,0,0))
((8,0,0) (15,7,7) (0,0,0))
((0,8,0) (7,15,7) (0,0,0))
((8,8,0) (15,15,7) (0,0,0))
((0,0,8) (7,7,15) (0,0,0))
((8,0,8) (15,7,15) (0,0,0))
((0,8,8) (7,15,15) (0,0,0))
((8,8,8) (15,15,15) (0,0,0))
)
8
FabOnDisk: Cell_D_00000 0
FabOnDisk: Cell_D_00000 61527
FabOnDisk: Cell_D_00000 123055
FabOnDisk: Cell_D_00000 184583
FabOnDisk: Cell_D_00000 246112
FabOnDisk: Cell_D_00000 307640
FabOnDisk: Cell_D_00000 369169
FabOnDisk: Cell_D_00000 430698

8,15
3.2290861096574211e-02,1.8727156930013106e-01,-3.1155705956481452e-02,-2.0662916346054272e-02,-8.6827626419769197e-03,7.4326366309847336e-01,2.0771238010831175e-03,1.2214681951206870e-02,2.2031742734487453e-02,-1.4832971086788327e-02,-3.6140600524865146e-02,-6.4467002482039987e-02,-1.5818370997007503e-01,-1.8197693942179274e-01,-2.0496257297829046e-01,
3.2646160082170035e-02,1.5124819078180221e-01,1.0247260878909529e-03,-2.0493228556275962e-02,-7.6990671576216974e-03,7.4545642500747378e-01,-1.3479721478918344e-03,1.2491071032054189e-02,2.2577350555577060e-02,-1.8571628189642975e-01,-4.0365947893239371e-02,-7.1902440695109829e-02,-2.2714145830516577e-02,-1.9874202091444626e-01,-2.2576729105264265e-01,
3.3466404268936642e-02,1.2508913516497983e-01,-3.3426969004821873e-02,1.4223892106082344e-03,-6.0947838514568559e-03,7.4406235627593198e-01,5.2357581048774228e-03,6.2335855034878380e-03,2.3051701856988401e-02,-1.8226025757997991e-02,-2.0424525176241359e-01,-7.7057302585583326e-02,-1.9041509082395094e-01,-6.4223303437758700e-02,-2.4308366638484005e-01,
3.3823661109684031e-02,9.9584517016475138e-02,2.6891780676466157e-03,2.7392500521094135e-03,-4.1335755543239205e-03,7.5066719702322682e-01,-8.5454525846823375e-04,6.5648517844843317e-03,2.2726333373809908e-02,-2.0285202050816808e-01,-2.1527307279068214e-01,-8.5775684631733379e-02,-2.4512130588297654e-02,-6.4739970526759505e-02,-2.6117738115686639e-01,
3.4223123026411201e-02,9.7381546493230831e-02,-3.2095801942545382e-02,-1.7069237441624606e-02,4.0122473183565460e-03,7.4759319400549995e-01,6.1388529468023095e-03,1.4396009615765546e-02,1.6042735077570491e-02,-2.0175941564479424e-02,-4.8225859859765824e-02,-2.1150437203420461e-01,-2.1374847535156663e-01,-2.2792616781175348e-01,-1.0541537375523043e-01,
3.4538398236192168e-02,7.7718074078145599e-02,4.0563976258376549e-03,-1.5249768016750487e-02,6.1335082917346392e-03,7.4707667957775126e-01,-2.1804332333394232e-04,1.3793739566326879e-02,1.6669844896492703e-02,-2.1770250320079781e-01,-5.3779427088806037e-02,-2.2691069527130941e-01,-2.7520880183816560e-02,-2.4587158066750164e-01,-1.0724101714595494e-01,
3.5188386958906477e-02,6.4007204346183857e-02,-3.0770119577040494e-02,7.7021910144116877e-03,9.3605637849503709e-03,7.5323004524962700e-01,8.2247886788302423e-03,1.1390258378053394e-02,2.0214667073080277e-02,-2.4662327955747160e-02,-2.3176285534860314e-01,-2.4017154905207985e-01,-2.5254114996234645e-01,-6.7649584234076424e-02,-1.0755503580358994e-01,
3.5509448435774783e-02,5.2831936783214468e-02,5.8106216477352805e-03,9.0756764859675921e-03,1.1437770390964472e-02,7.5505597235568844e-01,2.0204532541492036e-03,1.3748056564457363e-02,2.1279317888159628e-02,-2.3874743131286927e-01,-2.3723996414965881e-01,-2.5412738684038999e-01,-3.1014680870734841e-02,-6.9101733167528823e-02,-1.0968620719537159e-01,

8,15
6.2156952009024702e-01,1.0589658349540132e+00,3.0336381131469359e-02,5.6617725162902727e-02,7.6760442595148262e-02,1.0924121723213862e+00,1.3711901301793422e-02,2.7997902669596807e-02,4.0724430337214346e-02,1.9090838285074541e-01,2.1014918527866533e-01,2.3139807815126084e-01,3.9876205822835520e-03,9.9872701466492859e-03,1.8118746626538527e-02,
6.9621075307860403e-01,1.0584921342844513e+00,5.4743529545033011e-02,5.6506836122294186e-02,7.6238995805892149e-02,1.0922107786342692e+00,1.4966018084577227e-02,2.9163172804176855e-02,4.2080264280377679e-02,1.3079830448285694e-02,2.1702936732705438e-01,2.4221391176240839e-01,1.5213238441074664e-01,1.1270005473544290e-02,2.0576262167604352e-02,
7.6521702772797973e-01,1.0575864920302858e+00,3.0862680573639077e-02,6.8438499649832452e-02,7.6121385557253077e-02,1.0917337253978112e+00,1.6158351603209487e-02,2.6079880396167206e-02,4.4565846270747986e-02,2.1394825028791575e-01,4.3191236704750016e-02,2.4818653058024670e-01,5.0361297698472253e-03,1.7167526840776248e-01,2.2378366256284022e-02,
8.3851332809203760e-01,1.0568826949850332e+00,5.7207580737063800e-02,6.8888045280118076e-02,7.5953995565577304e-02,1.0913125472736696e+00,1.4367823727396778e-02,2.7013037902175279e-02,4.6471919281537252e-02,1.6255037581054531e-02,4.3791708390902462e-02,2.5426819471476636e-01,1.8134399680709684e-01,1.9137836720150936e-01,2.5528449959315483e-02,
8.4864603901629110e-01,1.0568344470608193e+00,3.1475281205467345e-02,5.7294621386100211e-02,8.1290656380384255e-02,1.0912772061302274e+00,1.7153472713720915e-02,3.4071514036810649e-02,3.8246801257632128e-02,2.2567161160014529e-01,2.3406859682279105e-01,7.1012816137557694e-02,5.6948409932010531e-03,1.3865290158226143e-02,1.9406099644627900e-01,
9.1654820167249051e-01,1.0559851244505556e+00,5.6713932031140071e-02,5.7489877397616962e-02,8.0170036631109221e-02,1.0907170881487060e+00,1.4601262534653192e-02,3.5902766538995809e-02,3.9574889930422748e-02,1.8625992307371969e-02,2.4836465442465011e-01,7.1205241218030763e-02,2.0371797299757821e-01,1.5777310178434718e-02,2.0989815744875676e-01,
9.7503063251254152e-01,1.0546000139383935e+00,3.2395530663434306e-02,6.6963814440703776e-02,7.8649681791047477e-02,1.0897884008973000e+00,2.1471870176530943e-02,3.0311950490607753e-02,4.0466950419334027e-02,2.3975313315071228e-01,4.3908122974680136e-02,7.0624522822606589e-02,7.2733682872694015e-03,2.3309490386395648e-01,2.3143012812921607e-01,
1.0250724879671318e+00,1.0535245037604997e+00,5.5740765541394510e-02,6.6178291656518368e-02,7.7054617328850800e-02,1.0890339521962744e+00,1.9028410838406715e-02,3.2441134670062349e-02,4.2871224830867673e-02,2.0606134965181530e-02,4.5387803271199748e-02,7.1142617249323470e-02,2.4912280656590241e-01,2.4980067604585668e-01,2.5751912411397815e-01,

