1
1
15
0
(8 0
((0,0,0) (7,7,7) (0,0,0))
((8,0,0) (15,7,7) (0,0,0))
((0,8,0) (7,15,7) (0,0,0))
((8,8,0) (15,15,7) (0,0,0))
((0,0,8) (7,7,15) (0,0,0))
((8,0,8) (15,7,15) (0,0,0))
((0,8,8) (7,15,15) (0,0,0))
((8,8,8) (15,15,15) (0,0,0))
)
8
FabOnDisk: Cell_D_00000 0
FabOnDisk: Cell_D_00000 61527
FabOnDisk: Cell_D_00000 123055
FabOnDisk: Cell_D_00000 184583
FabOnDisk: Cell_D_00000 246112
FabOnDisk: Cell_D_00000 307640
FabOnDisk: Cell_D_00000 369169
FabOnDisk: Cell_D_00000 430698

8,15
1.1269121156005854e-01,8.8730837116639882e-01,-2.4391433227574423e-17,-2.3597048779719107e-17,-2.9811762103618184e-17,9.9999958272645739e-01,-3.0539301927828956e-17,-3.4013373321946539e-17,-2.2868337391811914e-17,-0.0000000000000000e+00,0.0000000000000000e+00,-0.0000000000000000e+00,-0.0000000000000000e+00,-0.0000000000000000e+00,-0.0000000000000000e+00,
1.1269121275074075e-01,8.8730838054159589e-01,-3.8160375249501121e-08,-1.9333209231790761e-17,-3.0968244809443761e-17,9.9999959329233667e-01,-3.8160375256034935e-08,-2.2145529995637421e-17,-4.8198814284833923e-17,-0.0000000000000000e+00,-0.0000000000000000e+00,-0.0000000000000000e+00,-0.0000000000000000e+00,-0.0000000000000000e+00,-0.0000000000000000e+00,
1.1269121275074073e-01,8.8730838054159589e-01,-2.3199852823156844e-17,-3.8160375271941677e-08,-3.2124722910718032e-17,9.9999959329233667e-01,-3.4302492075096589e-17,-3.8160375268336447e-08,-3.4013382063624985e-17,-0.0000000000000000e+00,0.0000000000000000e+00,-0.0000000000000000e+00,-0.0000000000000000e+00,0.0000000000000000e+00,-0.0000000000000000e+00,
1.1269121394160998e-01,8.8730838991826610e-01,-3.8161220742069886e-08,-3.8161220739756923e-08,-2.6342312799190286e-17,9.9999960385987607e-01,-3.8161220733953781e-08,-3.8161220726427378e-08,-3.0539300305378277e-17,-0.0000000000000000e+00,-0.0000000000000000e+00,0.0000000000000000e+00,-0.0000000000000000e+00,-0.0000000000000000e+00,0.0000000000000000e+00,
1.1269121275074075e-01,8.8730838054159589e-01,-3.2486821640010876e-17,-1.8936018617472827e-17,-3.8160375251452003e-08,9.9999959329233667e-01,-3.7632013607226982e-17,-3.3579695757160093e-17,-3.8160375245034458e-08,-0.0000000000000000e+00,0.0000000000000000e+00,-0.0000000000000000e+00,-0.0000000000000000e+00,0.0000000000000000e+00,-0.0000000000000000e+00,
1.1269121394160998e-01,8.8730838991826599e-01,-3.8161220742864284e-08,-3.7147848616410383e-17,-3.8161220708426611e-08,9.9999960385987596e-01,-3.8161220719190110e-08,-3.5025296416658078e-17,-3.8161220702547137e-08,-0.0000000000000000e+00,-0.0000000000000000e+00,0.0000000000000000e+00,-0.0000000000000000e+00,-0.0000000000000000e+00,0.0000000000000000e+00,
1.1269121394161001e-01,8.8730838991826610e-01,-3.5991360251422539e-17,-3.8161220731264353e-08,-3.8161220708029412e-08,9.9999960385987607e-01,-3.4157931791569183e-17,-3.8161220707466823e-08,-3.8161220709928982e-08,-0.0000000000000000e+00,-0.0000000000000000e+00,0.0000000000000000e+00,-0.0000000000000000e+00,-0.0000000000000000e+00,0.0000000000000000e+00,
1.1269121513266628e-01,8.8730839929640781e-01,-3.8162066218623388e-08,-3.8162066219417773e-08,-3.8162066199325298e-08,9.9999961442907415e-01,-3.8162066255359578e-08,-3.8162066240595893e-08,-3.8162066209912058e-08,-0.0000000000000000e+00,-0.0000000000000000e+00,0.0000000000000000e+00,-0.0000000000000000e+00,-0.0000000000000000e+00,0.0000000000000000e+00,

8,15
1.1269130219891722e-01,8.8730908483889448e-01,3.8160375239816973e-08,3.8160375265364883e-08,3.8160375266521368e-08,1.0000003870378118e+00,3.8160375259219891e-08,3.8160375264284136e-08,3.8160375268047331e-08,-0.0000000000000000e+00,0.0000000000000000e+00,-0.0000000000000000e+00,-0.0000000000000000e+00,-0.0000000000000000e+00,-0.0000000000000000e+00,
1.1269130339905423e-01,8.8730909428853666e-01,3.9460808754823367e-17,3.8161220761438187e-08,3.8161220743261469e-08,1.0000003976875909e+00,4.9210723025666378e-17,3.8161220727583869e-08,3.8161220711808257e-08,-0.0000000000000000e+00,-0.0000000000000000e+00,-0.0000000000000000e+00,-0.0000000000000000e+00,-0.0000000000000000e+00,-0.0000000000000000e+00,
1.1269130339905423e-01,8.8730909428853666e-01,3.8161220760281716e-08,2.7066480422747343e-17,3.8161220763751156e-08,1.0000003976875909e+00,3.8161220723820673e-08,2.7354320997726195e-17,3.8161220735110266e-08,-0.0000000000000000e+00,0.0000000000000000e+00,-0.0000000000000000e+00,-0.0000000000000000e+00,0.0000000000000000e+00,-0.0000000000000000e+00,
1.1269130459937839e-01,8.8730910373965222e-01,3.6353443149282375e-17,2.9811754718835610e-17,3.8162066222163040e-08,1.0000004083390306e+00,4.2118005171934067e-17,4.5302965013103251e-17,3.8162066214831738e-08,-0.0000000000000000e+00,-0.0000000000000000e+00,0.0000000000000000e+00,-0.0000000000000000e+00,-0.0000000000000000e+00,0.0000000000000000e+00,
1.1269130339905424e-01,8.8730909428853666e-01,3.8161220727759813e-08,3.8161220728951397e-08,1.9730402642340364e-17,1.0000003976875909e+00,3.8161220722085950e-08,3.8161220699940426e-08,4.5302972721033493e-17,-0.0000000000000000e+00,0.0000000000000000e+00,-0.0000000000000000e+00,-0.0000000000000000e+00,0.0000000000000000e+00,-0.0000000000000000e+00,
1.1269130459937837e-01,8.8730910373965233e-01,2.0127594482426830e-17,3.8162066223681611e-08,1.3153599528706673e-17,1.0000004083390306e+00,3.0683852096719973e-17,3.8162066237121814e-08,3.0250170316378039e-17,-0.0000000000000000e+00,-0.0000000000000000e+00,0.0000000000000000e+00,-0.0000000000000000e+00,-0.0000000000000000e+00,0.0000000000000000e+00,
1.1269130459937837e-01,8.8730910373965233e-01,3.8162066215516035e-08,2.2043358938901223e-17,1.6623046899244524e-17,1.0000004083390306e+00,3.8162066262596859e-08,2.9671926258138063e-17,5.6014337263411695e-17,-0.0000000000000000e+00,-0.0000000000000000e+00,0.0000000000000000e+00,-0.0000000000000000e+00,-0.0000000000000000e+00,0.0000000000000000e+00,
1.1269130579988952e-01,8.8730911319223960e-01,3.8701516343435789e-17,3.7509929578353438e-17,2.4753521982357735e-17,1.0000004189921292e+00,3.4013370785745269e-17,5.2251128752791605e-17,3.7342886765249953e-17,-0.0000000000000000e+00,-0.0000000000000000e+00,0.0000000000000000e+00,-0.0000000000000000e+00,-0.0000000000000000e+00,0.0000000000000000e+00,

