1
1
15
0
(8 0
((0,0,0) (7,7,7) (0,0,0))
((8,0,0) (15,7,7) (0,0,0))
((0,8,0) (7,15,7) (0,0,0))
((8,8,0) (15,15,7) (0,0,0))
((0,0,8) (7,7,15) (0,0,0))
((8,0,8) (15,7,15) (0,0,0))
((0,8,8) (7,15,15) (0,0,0))
((8,8,8) (15,15,15) (0,0,0))
)
8
FabOnDisk: Cell_D_00000 0
FabOnDisk: Cell_D_00000 61527
FabOnDisk: Cell_D_00000 123055
FabOnDisk: Cell_D_00000 184583
FabOnDisk: Cell_D_00000 246112
FabOnDisk: Cell_D_00000 307640
FabOnDisk: Cell_D_00000 369169
FabOnDisk: Cell_D_00000 430698

8,15
8.28250451540765362e-03,2.60925223404449716e-03,-4.05168847971003748e-02,-3.45486716536807931e-02,-2.86219237180189469e-02,6.24223287956308770e-01,-2.47957865906580938e-03,-8.35266468643653705e-03,-1.14474453373203614e-02,-1.17287036703519476e-02,-2.52125382186975111e-02,-4.46458531700931194e-02,-4.89263166406000150e-01,-5.09875356238118194e-01,-5.29039816748247294e-01,
8.16571663579263723e-03,1.39232856853319749e-03,-1.71522358630714095e-03,-3.60488526228268519e-02,-2.96613091692196733e-02,6.23140159752958445e-01,-1.43956719776265445e-02,-2.31097982345295841e-02,-3.38553188166626010e-02,-4.52065798729707424e-01,-2.98032899569170735e-02,-5.21229636343143801e-02,-2.76024379225409122e-02,-5.32138779684451002e-01,-5.60352536545508206e-01,
8.44042532695921631e-03,1.10962627954501892e-03,-4.09329509218923498e-02,-4.04676960859187956e-03,-2.28886812838426934e-02,6.28789780357499661e-01,-1.04949320238727113e-02,-1.54014926887453933e-02,-4.37972063531171102e-02,-1.49048814818670446e-02,-4.60844590779953212e-01,-5.46776424502799854e-02,-5.08112917945135578e-01,-7.04632329103353633e-02,-5.69038989851472166e-01,
8.30829611341044917e-03,4.71265724693615618e-04,-4.52776441521055180e-04,-2.52566120303060471e-03,-2.27628823226925341e-02,6.26606623957417397e-01,-1.32775209895424802e-02,-1.88736775587614800e-02,-1.85911622014873018e-01,-4.74301867798722576e-01,-4.64612359211640236e-01,-6.36935325089789811e-02,-3.26375253982782790e-02,-7.33734577540432475e-02,-5.85876782250358552e-01,
8.51587186206071399e-03,6.35683069694065791e-04,-3.90760844661814655e-02,-2.97571406444420115e-02,-5.49844759183793462e-03,6.24432305535671528e-01,-3.94934207403377646e-02,-8.42697626663495292e-02,-5.56062331724178557e-02,-1.54884855259913197e-02,-3.29822713134261952e-02,-4.43000823214721784e-01,-5.15821915338654513e-01,-5.45889090609802174e-01,-1.10532486921060907e-01,
8.37054839199025645e-03,2.79994241610205627e-04,-3.58642672696202723e-04,-2.72202490128876616e-02,-1.80516131291485853e-03,6.29143205252845727e-01,-9.04296050536223042e-03,-1.58753377548559782e-01,-7.51066181295447916e-02,-4.80005143093866549e-01,-3.86699043196081643e-02,-4.62084573969328727e-01,-3.09997864407362059e-02,-5.50140506928438633e-01,-1.09423814214721915e-01,
8.66686747811498334e-03,1.50980033551143737e-04,-3.44078742982038277e-02,8.18948003303622898e-04,1.37569825614997348e-03,6.25944582204912336e-01,-8.90285708520280605e-02,-3.67806825868331536e-02,-4.09324463342206485e-02,-1.94116676368669139e-02,-4.68122801381325004e-01,-4.72169336619433777e-01,-5.80023855792986875e-01,-6.87362652691901055e-02,-1.09802470782100994e-01,
8.50702510849782670e-03,-1.67106750734112743e-04,-5.35249982787116890e-04,-9.86643181011418683e-04,-8.99253511100598616e-04,6.26652052467231657e-01,-3.57160288356280506e-03,-6.77155889381989180e-03,-9.41323957136185330e-02,-4.83918234867113606e-01,-4.70581539248792258e-01,-4.99796883061864705e-01,-3.59656878286858245e-02,-7.53536353005819781e-02,-1.06767447065208410e-01,

8,15
1.20377687638660791e+00,1.06870273581566577e+00,1.83071516823004876e-02,3.23555912773805937e-02,4.68757881754480257e-02,1.20638612862065231e+00,1.64560082265882979e-02,1.61236553601741724e-02,2.08180800289407969e-02,4.32297315132747439e-01,4.59028453325798058e-01,4.84194545882310534e-01,1.41433908454708084e-03,3.05740769090767292e-03,5.31629004010846298e-03,
1.23213736493035242e+00,1.07009191640078205e+00,5.02486009805399939e-02,3.22636023965280141e-02,4.46921390980512534e-02,1.23352969349888553e+00,8.27903416452646992e-03,1.81668384922990082e-02,2.16147505312134190e-02,1.72120120878892918e-02,4.61822699149730620e-01,4.93492470320338827e-01,4.79770544496443296e-01,3.74074475674813578e-03,6.41968301310767188e-03,
1.24319709094847641e+00,1.06892206962710423e+00,1.87230909462565119e-02,5.87754931901826871e-02,4.54108049014062196e-02,1.24431130453278938e+00,1.85607308084713638e-02,3.62827169946684375e-02,2.43633797922994007e-02,4.52394653747713094e-01,4.50836246678864294e-02,4.94592876104570645e-01,1.86851677361176772e-03,5.15171402115550014e-01,6.75224307141661546e-03,
1.25837989024778740e+00,1.07026757368849901e+00,5.21949818185613798e-02,5.78284082613807898e-02,5.00107542319806753e-02,1.25885115597248110e+00,6.54572179054511288e-02,8.33712300116276478e-02,2.58507502647954829e-02,2.10170715921656238e-02,4.65595448106257137e-02,4.95662352491692326e-01,5.35724979108444188e-01,5.42187413112754202e-01,8.14398257890578889e-03,
1.25786728969578165e+00,1.06861207319789053e+00,1.85128276851638553e-02,3.29155466999325602e-02,6.67072597084004820e-02,1.25850297276547574e+00,1.37859678018257339e-02,2.08183298951628570e-02,9.79034515401477623e-02,4.68732136984728209e-01,4.62359755273389184e-01,7.03096143399305207e-02,1.96026848853887107e-03,4.13307263803850203e-03,5.23434546341492002e-01,
1.26848879246929647e+00,1.06998707873407017e+00,5.02281424458087405e-02,3.66685108274149782e-02,6.53928458256541473e-02,1.26876878671090676e+00,1.72167513792932547e-01,2.68468969442279687e-02,1.83190811042674567e-01,1.92294213821265943e-02,4.83496942253612172e-01,6.76951827040352117e-02,5.56921933808196767e-01,5.02161017876190646e-03,5.31163311752695710e-01,
1.27513903784890870e+00,1.06856800454556478e+00,2.08384961118663475e-02,5.62749419285118180e-02,6.40846894636647180e-02,1.27529001788245977e+00,2.82084287600645744e-02,3.35145776262330108e-01,4.41366777338500826e-01,5.00882970776657444e-01,4.37396212371173460e-02,6.92482546545395428e-02,2.55892277502643966e-03,5.61276966637343833e-01,5.35415578285915350e-01,
1.28169188525926292e+00,1.06989820687059956e+00,4.64815914103906061e-02,5.49123142164294475e-02,6.38538000817247958e-02,1.28152477850852886e+00,2.08201145373349750e+00,3.17346513792318508e+00,2.33351056069402851e+00,2.35823271746455343e-02,4.84478390466395181e-02,6.83604552411619937e-02,5.89885417294958470e-01,5.66230504021763226e-01,5.75718235234408127e-01,

