1
1
15
0
(8 0
((0,0,0) (7,7,7) (0,0,0))
((8,0,0) (15,7,7) (0,0,0))
((0,8,0) (7,15,7) (0,0,0))
((8,8,0) (15,15,7) (0,0,0))
((0,0,8) (7,7,15) (0,0,0))
((8,0,8) (15,7,15) (0,0,0))
((0,8,8) (7,15,15) (0,0,0))
((8,8,8) (15,15,15) (0,0,0))
)
8
FabOnDisk: Cell_D_00000 0
FabOnDisk: Cell_D_00000 61527
FabOnDisk: Cell_D_00000 123055
FabOnDisk: Cell_D_00000 184583
FabOnDisk: Cell_D_00000 246112
FabOnDisk: Cell_D_00000 307640
FabOnDisk: Cell_D_00000 369169
FabOnDisk: Cell_D_00000 430698

8,15
-4.32500721471465455e-03,8.96268257626718808e-03,-3.33994419396252462e-01,-1.23695733624173987e+00,-5.16114682413726156e-01,6.05053724222368361e-01,-7.80531671439201186e-02,-5.26076041195816801e-02,-1.09435788936674300e-01,-8.46296555141812235e-03,-7.14537599234490051e-03,-1.85773685419087960e-02,-4.70352802031789141e-01,-4.36433805128057628e-01,-4.79538284991273323e-01,
2.98984175511507249e-03,6.70081336535482790e-03,-1.18186266438946835e-01,-2.01847428116225414e-01,-2.11490364734428643e-01,5.97021604534285100e-01,-9.34515969004366676e-03,-2.19560481812890118e-01,-1.72523435040086714e-01,-5.10117649214304136e-01,-6.34726525267464980e-03,-7.17072902338211637e-03,-6.42106148778219532e-02,-4.96097373171269507e-01,-4.96993517882012459e-01,
-6.70469207994153511e-04,-8.88204698462195276e-03,-2.38171508548646216e+00,-1.77361051873063724e-01,-8.31311176235843940e-01,6.03702881483479725e-01,-2.06800043814943157e-01,-1.58893236137951505e-02,-2.04344732701503579e-01,-8.53762407383534816e-03,-5.27048943181626428e-01,-8.76637733933327556e-03,-5.42914122207686534e-01,-6.34050145613420935e-02,-5.23765530086743425e-01,
6.52512809275148254e-04,1.04568676914664491e-03,-2.76263681855900445e-01,-1.46260832720388867e-01,-8.74140435844199315e-01,5.99845103306311467e-01,-2.19612046969244634e-01,-2.18239550273536198e-01,-3.15536346241537924e-01,-5.31243757407327655e-01,-5.32208073543836147e-01,-1.14054982191244356e-02,-3.35529084731041732e-02,-6.68531587239190733e-02,-5.65592131210656657e-01,
2.39672595184494460e-03,4.96085409474515009e-04,-2.80149571419951837e-01,-3.29334775649687495e-01,-6.56549477571869156e-02,5.96959707530809736e-01,-4.21940090397596612e-01,-2.70863065977620443e-01,-4.04320377024049576e-02,-1.29759040329808402e-02,-1.10399829426928893e-02,-5.25909359411567356e-01,-5.59879392142322740e-01,-5.47738473275177218e-01,-1.15955486532377097e-01,
2.16412387755936676e-03,-2.74907691116917400e-03,-1.38035371846135346e-01,-3.07029248751729433e-01,-1.80815368743960425e-01,6.02811009759832594e-01,-1.98133163694291264e-01,-3.51391502167028857e-01,-8.62042339928385526e-02,-5.37130835290963393e-01,-1.34651721587247253e-02,-5.22049019932025016e-01,-5.97097715710901006e-02,-6.03286464974910563e-01,-1.00115909016977395e-01,
2.47264866301633024e-03,-1.28860297160674018e-03,-3.91286931949958672e-01,-1.85965908738156771e-01,-1.62143352893322490e-01,5.89161753922582632e-01,-4.56301594850678427e+00,-2.85107210536580169e+00,-5.93802577925799602e-01,-1.64692292554279862e-02,-5.39469419087339475e-01,-5.28553416626821759e-01,-6.11643830613209150e-01,-6.48244462280349876e-02,-9.31601953114481046e-02,
-9.17324910272858136e-04,-7.51147886777011557e-03,-1.16229054103504315e-01,-1.50338317455773030e-01,-2.02162562353740138e-01,5.75832514180864896e-01,-1.71983523365600743e+00,-1.26354298203745463e+00,-2.08408133412383201e+00,-5.50996679984785187e-01,-5.45631365402180490e-01,-5.32323836346835444e-01,-5.06354409043258125e-02,-7.96587782018789436e-02,-1.00199698683962404e-01,

8,15
1.14867683976329604e+00,1.10642315533279900e+00,9.30698832887516814e-02,1.52611618998010901e-01,2.59895120099686183e-01,1.15763952233956324e+00,1.70420167268435507e-02,4.50027479043828005e-02,6.89104228007774572e-02,4.51718480953528734e-01,4.35977101397241551e-01,4.37209985079900609e-01,2.83638730493337857e-03,6.46075711152609838e-03,3.93256943989623436e-03,
1.17685288502248220e+00,1.10243830017106115e+00,2.80856719642786246e-01,2.07525456225426980e-01,2.32446127641006389e-01,1.18355369838783697e+00,1.36595411445341874e-01,1.06481389126927811e-01,1.62418396049192421e-01,3.02337496263475787e-02,4.55050007938406609e-01,4.58020007398180051e-01,5.30601027479770337e-01,2.21355212286526021e-03,4.57091790701364201e-03,
1.20869798326641109e+00,1.10441110505898510e+00,1.66109195413708277e-01,3.35257215701774691e-01,2.37642854761326239e-01,1.21293403990362370e+00,3.34428542583712837e-02,2.07329324159699180e-01,1.15508782722916009e-01,4.91079127458222964e-01,3.88241429443970457e-02,4.66870512693271511e-01,1.30949048087042885e-02,5.82822933907002572e-01,4.49742899679694049e-03,
1.21174264155309119e+00,1.10203354953521382e+00,1.55614298583167243e+00,1.26083531057136389e+00,4.01775146842891617e-01,1.21352328246156138e+00,4.19139603381085468e-01,3.47254517583816924e-01,7.57509365204486418e-01,2.46070027154267068e-02,3.19215862625728541e-02,4.77200430987326396e-01,5.73870025315845633e-01,5.97203809138917685e-01,6.32994589118560970e-03,
1.21053892924692175e+00,1.10721773953029179e+00,1.41502175001708669e-01,1.96635449385356265e-01,3.25877371059911436e-01,1.21343700017838407e+00,3.91032092188686287e-01,8.87133468586322027e-01,1.32290583368958958e+00,4.97692229467844194e-01,4.85508341525548781e-01,4.81643211380554451e-02,1.68059462327126933e-03,2.62886663026137488e-03,5.83328842934570879e-01,
1.24124425283367845e+00,1.10396830400595669e+00,3.03649662388636776e-01,2.12272962957090194e-01,3.73064542969949398e-01,1.24437193330060714e+00,3.00791866785923734e-01,4.79838937525137732e-01,1.37703798617764406e+00,2.21854173785896239e-02,5.03743729713199362e-01,3.86563884686713238e-02,5.90484156571386420e-01,2.41312858648474182e-02,5.93930462625129829e-01,
1.25634223925993016e+00,1.10535577347730518e+00,1.69182062596424349e-01,3.03516954257787464e-01,3.70671122869539071e-01,1.25505363628832334e+00,7.25087018108779979e+00,5.36048354861575227e+00,1.07312574182396396e+01,5.24534060966097226e-01,3.24535603415502041e-02,4.01063220527509978e-02,2.66549389726485342e-02,6.16115663511696443e-01,6.06028408798485296e-01,
1.31747228449234766e+00,1.11409555367246815e+00,3.86292661408091154e-01,4.21122728995515283e-01,4.08877010703800559e-01,1.30996080562457751e+00,1.41893034756455627e+00,2.47969129573656399e+00,1.36892179694971716e+00,3.35690269031374139e-02,3.96781338730200356e-02,4.19005635439245322e-02,6.20597294109702546e-01,6.22416613259855644e-01,6.10320956564183503e-01,

