1
1
15
0
(8 0
((0,0,0) (7,7,7) (0,0,0))
((8,0,0) (15,7,7) (0,0,0))
((0,8,0) (7,15,7) (0,0,0))
((8,8,0) (15,15,7) (0,0,0))
((0,0,8) (7,7,15) (0,0,0))
((8,0,8) (15,7,15) (0,0,0))
((0,8,8) (7,15,15) (0,0,0))
((8,8,8) (15,15,15) (0,0,0))
)
8
FabOnDisk: Cell_D_00000 0
FabOnDisk: Cell_D_00000 61527
FabOnDisk: Cell_D_00000 123055
FabOnDisk: Cell_D_00000 184583
FabOnDisk: Cell_D_00000 246112
FabOnDisk: Cell_D_00000 307640
FabOnDisk: Cell_D_00000 369169
FabOnDisk: Cell_D_00000 430698

8,15
0.00000000000000000e+00,0.00000000000000000e+00,-1.66737949828534940e+05,-3.50721345024036927e+04,-3.52723169308283832e+05,9.99999999999999334e-01,-8.85883984403473587e+04,-7.61516802416388819e+04,-3.53442161442786019e+04,-2.22222222222222238e-01,-1.11111111111111119e-01,-0.00000000000000000e+00,-2.22205402523922457e-01,-1.11094438078013447e-01,-0.00000000000000000e+00,
0.00000000000000000e+00,0.00000000000000000e+00,-7.96972070481124392e+04,-6.65682550437437603e+04,-9.90975579356380767e+04,9.99999999999999334e-01,-1.58844141491521557e+05,-4.87358346792531956e+04,-1.47073844336573500e+05,-2.22222222222222238e-01,-1.11111111111111119e-01,-0.00000000000000000e+00,-2.22222222222222238e-01,-1.11107526568555687e-01,-0.00000000000000000e+00,
0.00000000000000000e+00,0.00000000000000000e+00,-1.48583594282549282e+05,-1.39323287751217344e+05,-1.15153477318758305e+05,9.99999999999999334e-01,-1.80515213486224762e+05,-6.65783412544858875e+04,-1.17071704746226780e+05,-2.22222222222222238e-01,-1.11111111111111119e-01,-0.00000000000000000e+00,-2.22204631383129347e-01,-1.11111111111111119e-01,-0.00000000000000000e+00,
0.00000000000000000e+00,0.00000000000000000e+00,-2.82403156954783597e+05,-4.13486477389917010e+05,-1.89178982526190899e+05,9.99999999999999334e-01,-1.36588231763057353e+05,-1.84995956182162743e+05,-1.90541049604351108e+05,-2.22222222222222238e-01,-1.11111111111111119e-01,-0.00000000000000000e+00,-2.22222222222222238e-01,-1.11111111111111119e-01,-0.00000000000000000e+00,
0.00000000000000000e+00,0.00000000000000000e+00,-1.83202167857333756e+05,-1.53107556311138818e+05,-4.67732331791211327e+05,9.99999999999999334e-01,-2.96262159628875204e+05,-9.05181660524026956e+04,-1.45609980808721011e+05,-2.22222222222222238e-01,-1.11111111111111119e-01,-0.00000000000000000e+00,-2.22204631383129403e-01,-1.11110965297808673e-01,-0.00000000000000000e+00,
0.00000000000000000e+00,0.00000000000000000e+00,-7.78207507692120271e+05,-1.77482778089298430e+05,-5.81854363256091834e+05,9.99999999999999334e-01,-1.69535424196039618e+05,-3.67728346422910545e+04,-1.31721861601971235e+05,-2.22222222222222238e-01,-1.11111111111111119e-01,-0.00000000000000000e+00,-2.22222222222222238e-01,-1.11111098601250416e-01,-0.00000000000000000e+00,
0.00000000000000000e+00,0.00000000000000000e+00,-4.57090169935811311e+05,-3.69955579507234041e+05,-1.25506520485860354e+05,9.99999999999999334e-01,-4.13685304651300030e+04,-5.57458783215236836e+04,-3.66570657926323765e+04,-2.22222222222222238e-01,-1.11111111111111119e-01,-0.00000000000000000e+00,-2.22221929297712784e-01,-1.11111111111111119e-01,-0.00000000000000000e+00,
0.00000000000000000e+00,0.00000000000000000e+00,-4.67077924240079243e+05,-3.06528147832206450e+05,-4.53754302844460704e+05,9.99999999999999334e-01,-1.30932382177272193e+04,-2.26545712113881709e+04,-1.35918422527748517e+04,-2.22222222222222238e-01,-1.11111111111111119e-01,-0.00000000000000000e+00,-2.22222222222222238e-01,-1.11111111111111119e-01,-0.00000000000000000e+00,

8,15
1.00000000000000022e+00,1.00000000000000022e+00,5.55838067603720629e+03,1.71032079225581925e+05,4.36269959974582380e+04,1.00000000000000067e+00,2.17302893510269671e+05,1.43475692640168214e+05,2.28145729604251137e+04,4.44444444444444475e-01,5.55555555555555580e-01,6.66666666666666741e-01,4.44444444444444420e-01,5.55555555483975283e-01,6.66666373335708551e-01,
1.00000000000000022e+00,1.00000000000000022e+00,2.13830173765780433e+05,1.84030697847203555e+05,8.12041165071754222e+04,1.00000000000000067e+00,1.87629372655083687e+05,2.54014929342184150e+04,1.33925082376071776e+05,4.44444444444444475e-01,5.55555555555555580e-01,6.66666666666666741e-01,4.44444152908005263e-01,5.55555555555555469e-01,6.66666666595086443e-01,
1.00000000000000022e+00,1.00000000000000022e+00,5.98941858334123273e+05,1.54802116217608418e+05,1.99152934695220989e+05,1.00000000000000067e+00,1.61164299856417492e+05,1.41838687520191510e+05,1.95063477525478113e+05,4.44444444444444475e-01,5.55555555555555580e-01,6.66666666666666741e-01,4.44444444444444420e-01,5.55554343729239841e-01,6.66666666595086221e-01,
1.00000000000000022e+00,1.00000000000000022e+00,1.47319668170772871e+05,1.68446329339200049e+05,2.96301484300773300e+05,1.00000000000000067e+00,6.71823437280124635e+04,5.19896909233038896e+04,1.13872183758120314e+05,4.44444444444444475e-01,5.55555555555555580e-01,6.66666666666666741e-01,4.44427144856547884e-01,5.55555409716017246e-01,6.66666666666666519e-01,
1.00000000000000022e+00,1.00000000000000022e+00,1.16283394083494539e+05,4.08780794168919150e+05,6.50470593370747636e+05,1.00000000000000067e+00,1.28489444828578809e+05,2.15095126307292048e+04,9.32821618009655213e+04,4.44444444444444475e-01,5.55555555555555580e-01,6.66666666666666741e-01,4.44444444444444475e-01,5.55555555484252173e-01,6.66666666657292351e-01,
1.00000000000000022e+00,1.00000000000000022e+00,2.96224130308795196e+05,2.31547813611090998e+05,3.71204222159400058e+05,1.00000000000000067e+00,2.96846707400477098e+04,1.15705681128991288e+05,4.91925654036154156e+04,4.44444444444444475e-01,5.55555555555555580e-01,6.66666666666666741e-01,4.44427144856547995e-01,5.55555555555555469e-01,6.66666666666666075e-01,
1.00000000000000022e+00,1.00000000000000022e+00,4.88278101702510729e+05,1.79211420078935946e+05,2.00088915521090705e+05,1.00000000000000067e+00,9.10288525144620071e+04,7.54109663366012774e+03,1.83914539065168829e+04,4.44444444444444475e-01,5.55555555555555580e-01,6.66666666666666741e-01,4.44444444444444475e-01,5.55538255990114971e-01,6.66666666666666075e-01,
1.00000000000000022e+00,1.00000000000000022e+00,5.69683765527114156e+05,5.09866884168501594e+05,6.98900228611284168e+05,1.00000000000000067e+00,2.08431111946057863e+04,6.32371134617676125e+03,1.26403219555393989e+04,4.44444444444444475e-01,5.55555555555555580e-01,6.66666666666666741e-01,4.44443859577630329e-01,5.55538255990114860e-01,6.66666666666666741e-01,

