1
1
15
0
(8 0
((0,0,0) (7,7,7) (0,0,0))
((8,0,0) (15,7,7) (0,0,0))
((0,8,0) (7,15,7) (0,0,0))
((8,8,0) (15,15,7) (0,0,0))
((0,0,8) (7,7,15) (0,0,0))
((8,0,8) (15,7,15) (0,0,0))
((0,8,8) (7,15,15) (0,0,0))
((8,8,8) (15,15,15) (0,0,0))
)
8
FabOnDisk: Cell_D_00000 0
FabOnDisk: Cell_D_00000 61527
FabOnDisk: Cell_D_00000 123055
FabOnDisk: Cell_D_00000 184583
FabOnDisk: Cell_D_00000 246112
FabOnDisk: Cell_D_00000 307640
FabOnDisk: Cell_D_00000 369169
FabOnDisk: Cell_D_00000 430698

8,15
7.2313804262831627e-02,8.7186562996122097e-01,7.7113811562908464e-03,1.6779974237314355e-02,3.0322522288832060e-02,9.7461803864481622e-01,9.3646997808594298e-03,1.9708726235187331e-02,2.8857212349263497e-02,-7.7537863294728643e-03,-6.3888813307459019e-02,-4.0270618485533191e-02,-1.2495250351838761e-02,-2.2479213387006571e-02,-2.2563046263678029e-03,
7.2114332428176095e-02,8.1449929494393347e-01,8.9882942046572989e-03,1.7306459491182587e-02,2.9198463632319385e-02,9.3708693308756474e-01,9.4535449483503231e-03,1.8987460380644753e-02,2.8262103863011690e-02,-3.4357818380484476e-02,-1.0829279720966103e-01,-6.9744991625587574e-02,-1.1666804975286557e-02,-4.4662534507350235e-02,-3.6260204207543821e-03,
7.2250614627973261e-02,5.2542842426215852e-01,6.3354357852521258e-03,1.7034047040579148e-02,2.7549033373529045e-02,8.0203596634249663e-01,8.2950664034880540e-03,1.9830996780747245e-02,2.6351719596431150e-02,-3.0063024777267383e-02,-1.0212365357367639e-01,-1.6258950491482677e-01,-1.0863859395010424e-01,-5.4220846830114466e-02,-8.0312350110116996e-03,
7.3139036757501996e-02,2.8212848957861725e-01,7.8121952496758053e-03,1.5547834034394468e-02,2.1238685113940975e-02,7.7977002917434513e-01,6.4849133598275412e-03,1.8300140624766377e-02,2.4898701646181395e-02,-1.5081166384468975e-01,-1.5534622098232923e-01,-2.2833518770479114e-01,-1.0803665052049691e-01,-1.1599933098684402e-01,-1.5389185105556511e-02,
7.2322435717421835e-02,7.9996491687279414e-01,7.7004827247545045e-03,1.6050680716719432e-02,2.7876470079043855e-02,9.2865344630698266e-01,7.2425925599911619e-03,1.5677932020415793e-02,2.8598199527109146e-02,-1.2448260467865513e-02,-1.1647227358044035e-01,-3.7340699642065822e-02,-2.8315340914534283e-02,-4.5782689221877462e-02,-1.5083905612126247e-02,
7.2744435677566999e-02,6.7689311895666981e-01,8.7055862087171577e-03,1.4880273757791572e-02,2.7695565226484215e-02,8.6033420096836599e-01,8.3094398142426421e-03,1.4668705945009462e-02,2.7619245267300571e-02,-6.6104234704520037e-02,-1.9147102232070493e-01,-6.6265927972318645e-02,-2.8493053533939890e-02,-9.8542700168822828e-02,-3.1171130725440341e-02,
7.2435921053911972e-02,2.6280497204116809e-01,5.6950666013927172e-03,1.4511045482340786e-02,2.3432734004396126e-02,7.8135304437040243e-01,5.2810943999989464e-03,1.4268788152587574e-02,2.2745472072808526e-02,-5.4551567824627514e-02,-1.5856774132536378e-01,-1.2178257298851665e-01,-2.4828595548540100e-01,-1.2475083763704876e-01,-1.3172009939131751e-01,
7.4234921891439279e-02,6.5553781986231047e-02,5.9841891623522887e-03,1.3995221973250592e-02,2.0673713979201553e-02,7.7903870915253481e-01,3.8705484315590833e-03,1.2162332624263906e-02,1.9824853297433616e-02,-2.1763805069669467e-01,-2.2725223531510536e-01,-1.3197216302488940e-01,-2.1351322715369458e-01,-2.5156250305479444e-01,-2.5949070675899183e-01,

8,15
1.0275240868359520e-01,9.7034473468682114e-01,1.2905926848266096e-02,2.4561281923605426e-02,3.5270395254217851e-02,1.0426982418917214e+00,1.4703793517013354e-02,2.4193276428196263e-02,3.4787280972688121e-02,3.5222379679009749e-02,6.2614486708238118e-02,7.9281005786157599e-03,2.2765222572115416e-03,2.3106937140294371e-02,1.4499993160223539e-02,
1.2258763814363126e-01,9.7090792697837258e-01,1.3684715680072887e-02,2.4628168749197685e-02,3.5447255169872828e-02,1.0430222594065486e+00,1.4876251984693327e-02,2.4482351383557206e-02,3.4518654979787407e-02,3.0527154373514821e-02,1.0712924764924206e-01,1.2713556577804333e-02,1.2474779219037242e-02,4.5029478956559177e-02,2.9129970285262978e-02,
2.7660754208033811e-01,9.7064479364003897e-01,1.3430493419262442e-02,2.3942136367525586e-02,3.5242171119420740e-02,1.0428954082680122e+00,1.6292067383363550e-02,2.4646573025668507e-02,3.3927585404609502e-02,1.4614856240408414e-01,1.0109143798457801e-01,2.6991489724362924e-02,9.4591002544710950e-03,5.5550489067648326e-02,1.2186858747281989e-01,
5.1730831024300239e-01,9.6752419733710560e-01,1.4368742854457481e-02,2.3934955469530731e-02,3.5310707195120951e-02,1.0406632340946076e+00,1.6937309975707127e-02,2.6387663633549368e-02,3.3890198300840321e-02,1.0899645125546056e-01,1.4931287136250132e-01,4.8984487835229865e-02,1.1616453971716953e-01,1.1953157405535364e-01,2.4743297954069235e-01,
1.2868852943418846e-01,9.7030877254451986e-01,1.2734830624349014e-02,2.3798247408443250e-02,3.4615112051979154e-02,1.0426312082619418e+00,1.4709769563463156e-02,2.3148958742056320e-02,3.5636168458807779e-02,6.5858412423946300e-02,1.1176378177668446e-01,4.0693721232323649e-02,3.6547271237682283e-03,5.0419405472259066e-02,1.4637911939306478e-02,
1.8344108201169615e-01,9.6891986792794293e-01,1.3720741567691999e-02,2.4222915993582738e-02,3.4330378198735419e-02,1.0416686715146546e+00,1.4989291783284033e-02,2.3318858504424302e-02,3.5965527249655432e-02,5.7114629480231729e-02,1.8768962695619995e-01,6.8997565835028279e-02,3.0151735317939344e-02,1.0696955179586677e-01,3.2237449228064721e-02,
5.4792973469668249e-01,9.7007449383886979e-01,1.3501113086857877e-02,2.3468321584151006e-02,3.3935305364720170e-02,1.0425104148927817e+00,1.5546466252096647e-02,2.4164432596330002e-02,3.5521811656453975e-02,2.2484266857137963e-01,1.5959984565334634e-01,1.6633889327545665e-01,1.8253371617391299e-02,1.2661807450226736e-01,1.2551114264795565e-01,
1.0208375044727478e+00,9.6365255699225583e-01,1.4512238518184145e-02,2.3472486194737741e-02,3.3885520343676756e-02,1.0863912864589789e+00,1.6230742812548750e-02,2.4669397284827498e-02,3.5835468497799935e-02,1.1646582894890892e-01,2.2627857487553707e-01,2.3399955722977100e-01,2.4631433794883609e-01,2.5384433690779484e-01,2.3548763600003153e-01,

