1
1
15
0
(8 0
((0,0,0) (7,7,7) (0,0,0))
((8,0,0) (15,7,7) (0,0,0))
((0,8,0) (7,15,7) (0,0,0))
((8,8,0) (15,15,7) (0,0,0))
((0,0,8) (7,7,15) (0,0,0))
((8,0,8) (15,7,15) (0,0,0))
((0,8,8) (7,15,15) (0,0,0))
((8,8,8) (15,15,15) (0,0,0))
)
8
FabOnDisk: Cell_D_00000 0
FabOnDisk: Cell_D_00000 61527
FabOnDisk: Cell_D_00000 123055
FabOnDisk: Cell_D_00000 184583
FabOnDisk: Cell_D_00000 246112
FabOnDisk: Cell_D_00000 307640
FabOnDisk: Cell_D_00000 369169
FabOnDisk: Cell_D_00000 430698

8,15
1.1265920370289190e-01,8.8704976612678632e-01,-1.3570470130042371e-04,-1.3570470130041287e-04,-1.3570470130041675e-04,9.9970896982967816e-01,-1.3621344637637094e-04,-1.3621344637637037e-04,-1.3621344637637428e-04,-0.0000000000000000e+00,-0.0000000000000000e+00,0.0000000000000000e+00,-0.0000000000000000e+00,-0.0000000000000000e+00,0.0000000000000000e+00,
1.1265943214915981e-01,8.8705173025784634e-01,-2.7866988535061544e-17,-1.3788478152222168e-04,-1.3788478152223368e-04,9.9971116240700619e-01,-3.0255362069990498e-17,-1.3839398200724787e-04,-1.3839398200725221e-04,-0.0000000000000000e+00,-0.0000000000000000e+00,0.0000000000000000e+00,-0.0000000000000000e+00,-0.0000000000000000e+00,0.0000000000000000e+00,
1.1265943214915981e-01,8.8705173025784634e-01,-1.3788478152225843e-04,-2.3594630256739127e-17,-1.3788478152225458e-04,9.9971116240700619e-01,-1.3839398200727205e-04,-2.2284366579437014e-17,-1.3839398200726815e-04,-0.0000000000000000e+00,-0.0000000000000000e+00,0.0000000000000000e+00,-0.0000000000000000e+00,-0.0000000000000000e+00,0.0000000000000000e+00,
1.1265970451942250e-01,8.8705404035473601e-01,-2.7063371713954914e-17,-2.0886637134151735e-17,-1.4006873987971311e-04,9.9971374487415854e-01,-3.0240090097176418e-17,-3.4142791888355201e-17,-1.4057839659234708e-04,-0.0000000000000000e+00,0.0000000000000000e+00,-0.0000000000000000e+00,-0.0000000000000000e+00,0.0000000000000000e+00,-0.0000000000000000e+00,
1.1265943214915981e-01,8.8705173025784623e-01,-1.3788478152226738e-04,-1.3788478152223371e-04,-2.5146507865848995e-17,9.9971116240700608e-01,-1.3839398200725774e-04,-1.3839398200725221e-04,-3.8207675091817125e-17,-0.0000000000000000e+00,-0.0000000000000000e+00,0.0000000000000000e+00,-0.0000000000000000e+00,-0.0000000000000000e+00,0.0000000000000000e+00,
1.1265970451942249e-01,8.8705404035473590e-01,-2.8261353745147383e-17,-1.4006873987970346e-04,-3.3275163749245119e-17,9.9971374487415843e-01,-3.2998946495367751e-17,-1.4057839659232436e-04,-3.8062806363068385e-17,-0.0000000000000000e+00,0.0000000000000000e+00,-0.0000000000000000e+00,-0.0000000000000000e+00,-0.0000000000000000e+00,-0.0000000000000000e+00,
1.1265970451942250e-01,8.8705404035473578e-01,-1.4006873987973631e-04,-3.0555885758389432e-17,-3.3670974859634581e-17,9.9971374487415832e-01,-1.4057839659237052e-04,-2.2573413028137814e-17,-3.4718790616940321e-17,-0.0000000000000000e+00,-0.0000000000000000e+00,-0.0000000000000000e+00,-0.0000000000000000e+00,-0.0000000000000000e+00,-0.0000000000000000e+00,
1.1266002095173311e-01,8.8705669750318394e-01,-2.7054587853593262e-17,-3.6021871900186843e-17,-2.8616501172628940e-17,9.9971671845491705e-01,-3.4289306332700418e-17,-1.9533564888262243e-17,-2.6913426235227731e-17,-0.0000000000000000e+00,0.0000000000000000e+00,-0.0000000000000000e+00,-0.0000000000000000e+00,-0.0000000000000000e+00,-0.0000000000000000e+00,

8,15
1.1276287339069062e-01,8.8787881670232383e-01,2.1684242384023280e-17,2.2842272968587374e-17,2.7071858036983171e-17,1.0006416900930144e+00,3.0254808141980726e-17,3.0688085793248043e-17,3.0254808141980726e-17,-0.0000000000000000e+00,-0.0000000000000000e+00,0.0000000000000000e+00,-0.0000000000000000e+00,-0.0000000000000000e+00,0.0000000000000000e+00,
1.1276540724632739e-01,8.8789893951807120e-01,1.3570470130041019e-04,2.7901108642834909e-17,2.0130353857187577e-17,1.0006643467643985e+00,1.3621344637634430e-04,2.6059118328369605e-17,2.2873263555744632e-17,-0.0000000000000000e+00,-0.0000000000000000e+00,0.0000000000000000e+00,-0.0000000000000000e+00,-0.0000000000000000e+00,0.0000000000000000e+00,
1.1276540724632739e-01,8.8789893951807120e-01,2.4394772682026191e-17,1.3570470130040208e-04,2.5151811021456562e-17,1.0006643467643985e+00,1.4478610200804951e-17,1.3621344637634387e-04,2.6341496450349650e-17,-0.0000000000000000e+00,-0.0000000000000000e+00,0.0000000000000000e+00,-0.0000000000000000e+00,-0.0000000000000000e+00,0.0000000000000000e+00,
1.1276798837300442e-01,8.8791943466474288e-01,1.3788478152224447e-04,1.3788478152222168e-04,2.8230743223901267e-17,1.0006874230377474e+00,1.3839398200727872e-04,1.3839398200724787e-04,4.2114078840660025e-17,-0.0000000000000000e+00,0.0000000000000000e+00,-0.0000000000000000e+00,-0.0000000000000000e+00,0.0000000000000000e+00,-0.0000000000000000e+00,
1.1276540724632737e-01,8.8789893951807120e-01,2.9420376213526368e-17,2.0492322980050327e-17,1.3570470130040322e-04,1.0006643467643985e+00,2.6919717629080940e-17,2.6635204736998187e-17,1.3621344637634763e-04,-0.0000000000000000e+00,-0.0000000000000000e+00,0.0000000000000000e+00,-0.0000000000000000e+00,-0.0000000000000000e+00,0.0000000000000000e+00,
1.1276798837300439e-01,8.8791943466474288e-01,1.3788478152225030e-04,1.9734038688881783e-17,1.3788478152224529e-04,1.0006874230377472e+00,1.3839398200727159e-04,4.1401560356651874e-17,1.3839398200726392e-04,-0.0000000000000000e+00,0.0000000000000000e+00,-0.0000000000000000e+00,-0.0000000000000000e+00,-0.0000000000000000e+00,-0.0000000000000000e+00,
1.1276798837300439e-01,8.8791943466474288e-01,1.9373395326023202e-17,1.3788478152224068e-04,1.3788478152223639e-04,1.0006874230377472e+00,2.2294015013761576e-17,1.3839398200724890e-04,1.3839398200725237e-04,-0.0000000000000000e+00,-0.0000000000000000e+00,-0.0000000000000000e+00,-0.0000000000000000e+00,-0.0000000000000000e+00,-0.0000000000000000e+00,
1.1277061690568488e-01,8.8794030320698847e-01,1.4006873987973363e-04,1.4006873987970113e-04,1.4006873987970541e-04,1.0007109201126734e+00,1.4057839659237039e-04,1.4057839659234271e-04,1.4057839659231336e-04,-0.0000000000000000e+00,0.0000000000000000e+00,-0.0000000000000000e+00,-0.0000000000000000e+00,-0.0000000000000000e+00,-0.0000000000000000e+00,

