1
1
15
0
(8 0
((0,0,0) (7,7,7) (0,0,0))
((8,0,0) (15,7,7) (0,0,0))
((0,8,0) (7,15,7) (0,0,0))
((8,8,0) (15,15,7) (0,0,0))
((0,0,8) (7,7,15) (0,0,0))
((8,0,8) (15,7,15) (0,0,0))
((0,8,8) (7,15,15) (0,0,0))
((8,8,8) (15,15,15) (0,0,0))
)
8
FabOnDisk: Cell_D_00000 0
FabOnDisk: Cell_D_00000 61527
FabOnDisk: Cell_D_00000 123055
FabOnDisk: Cell_D_00000 184583
FabOnDisk: Cell_D_00000 246112
FabOnDisk: Cell_D_00000 307640
FabOnDisk: Cell_D_00000 369169
FabOnDisk: Cell_D_00000 430698

8,15
1.1268304054349038e-01,8.8724413447025408e-01,-2.6705414868762191e-17,-2.5513612733267914e-17,-3.3282849367428877e-17,9.9992717501374440e-01,-2.6343697175900728e-17,-3.0973941841299572e-17,-5.2832672402687080e-17,-0.0000000000000000e+00,-0.0000000000000000e+00,-0.0000000000000000e+00,-0.0000000000000000e+00,-0.0000000000000000e+00,-0.0000000000000000e+00,
1.1268318520305959e-01,8.8724527094272854e-01,-3.9678291661187709e-05,-1.7020624611777287e-17,-3.2091616864101405e-17,9.9992845614578818e-01,-3.9680595033508034e-05,-2.6632126517240985e-17,-3.5027477822631184e-17,-0.0000000000000000e+00,-0.0000000000000000e+00,-0.0000000000000000e+00,-0.0000000000000000e+00,-0.0000000000000000e+00,-0.0000000000000000e+00,
1.1268318520305956e-01,8.8724527094272843e-01,-2.3234801532390620e-17,-3.9678291661179585e-05,-3.6751743026202444e-17,9.9992845614578796e-01,-2.2579791300938372e-17,-3.9680595033507614e-05,-4.9646495790903272e-17,-0.0000000000000000e+00,-0.0000000000000000e+00,-0.0000000000000000e+00,-0.0000000000000000e+00,-0.0000000000000000e+00,-0.0000000000000000e+00,
1.1268333473464653e-01,8.8724644577687961e-01,-3.9301164356126774e-05,-3.9301164356115572e-05,-2.5547996827150330e-17,9.9992978051152615e-01,-3.9303469337247959e-05,-3.9303469337228857e-05,-3.0540453868341620e-17,-0.0000000000000000e+00,-0.0000000000000000e+00,0.0000000000000000e+00,-0.0000000000000000e+00,-0.0000000000000000e+00,0.0000000000000000e+00,
1.1268318520305957e-01,8.8724527094272854e-01,-1.8937272581008826e-17,-2.5513813160704299e-17,-3.9678291661206649e-05,9.9992845614578807e-01,-3.3436502169407138e-17,-3.4448081398389634e-17,-3.9680595033534963e-05,-0.0000000000000000e+00,0.0000000000000000e+00,-0.0000000000000000e+00,-0.0000000000000000e+00,0.0000000000000000e+00,-0.0000000000000000e+00,
1.1268333473464653e-01,8.8724644577687972e-01,-3.9301164356134905e-05,-1.1600031799854551e-17,-3.9301164356156515e-05,9.9992978051152626e-01,-3.9303469337248386e-05,-2.9672594527279335e-17,-3.9303469337301377e-05,-0.0000000000000000e+00,-0.0000000000000000e+00,0.0000000000000000e+00,-0.0000000000000000e+00,-0.0000000000000000e+00,0.0000000000000000e+00,
1.1268333473464653e-01,8.8724644577687961e-01,-2.4789572082475304e-17,-3.9301164356110151e-05,-3.9301164356151127e-05,9.9992978051152615e-01,-2.2001170193582632e-17,-3.9303469337228566e-05,-3.9303469337275180e-05,-0.0000000000000000e+00,-0.0000000000000000e+00,0.0000000000000000e+00,-0.0000000000000000e+00,-0.0000000000000000e+00,0.0000000000000000e+00,
1.1268348913400886e-01,8.8724765893930124e-01,-3.8923954252892443e-05,-3.8923954252883953e-05,-3.8923954252907520e-05,9.9993114807331007e-01,-3.8926260845543393e-05,-3.8926260845524433e-05,-3.8926260845566412e-05,-0.0000000000000000e+00,-0.0000000000000000e+00,0.0000000000000000e+00,-0.0000000000000000e+00,-0.0000000000000000e+00,0.0000000000000000e+00,

8,15
1.1270328647745165e-01,8.8740335435436524e-01,3.9678291661183454e-05,3.9678291661184613e-05,3.9678291661179219e-05,1.0001066408318169e+00,3.9680595033511517e-05,3.9680595033515278e-05,3.9680595033489074e-05,-0.0000000000000000e+00,-0.0000000000000000e+00,-0.0000000000000000e+00,-0.0000000000000000e+00,-0.0000000000000000e+00,-0.0000000000000000e+00,
1.1270367494250591e-01,8.8740641051931979e-01,2.0093095315809435e-17,3.9301164356137216e-05,3.9301164356126780e-05,1.0001100854618257e+00,3.7344264506072595e-17,3.9303469337255928e-05,3.9303469337247966e-05,-0.0000000000000000e+00,-0.0000000000000000e+00,-0.0000000000000000e+00,-0.0000000000000000e+00,-0.0000000000000000e+00,-0.0000000000000000e+00,
1.1270367494250592e-01,8.8740641051931979e-01,3.9301164356107807e-05,2.0489239413109149e-17,3.9301164356132188e-05,1.0001100854618257e+00,3.9303469337246957e-05,2.9381879095981053e-17,3.9303469337248258e-05,-0.0000000000000000e+00,-0.0000000000000000e+00,-0.0000000000000000e+00,-0.0000000000000000e+00,-0.0000000000000000e+00,-0.0000000000000000e+00,
1.1270406817044826e-01,8.8740950418666442e-01,2.8257073908351678e-17,2.2440013632136290e-17,3.8923954252900568e-05,1.0001135723571126e+00,2.6484951541969457e-17,4.1247137202512549e-17,3.8926260845543827e-05,-0.0000000000000000e+00,-0.0000000000000000e+00,0.0000000000000000e+00,-0.0000000000000000e+00,-0.0000000000000000e+00,0.0000000000000000e+00,
1.1270367494250592e-01,8.8740641051931979e-01,3.9301164356136464e-05,3.9301164356129484e-05,1.8936096625289728e-17,1.0001100854618257e+00,3.9303469337244781e-05,3.9303469337248115e-05,2.6920769448632901e-17,-0.0000000000000000e+00,0.0000000000000000e+00,-0.0000000000000000e+00,-0.0000000000000000e+00,0.0000000000000000e+00,-0.0000000000000000e+00,
1.1270406817044826e-01,8.8740950418666442e-01,1.6225554311236182e-17,3.8923954252860310e-05,1.7019640415293387e-17,1.0001135723571126e+00,2.6775596456110608e-17,3.8926260845534279e-05,2.9960812162442899e-17,-0.0000000000000000e+00,-0.0000000000000000e+00,0.0000000000000000e+00,-0.0000000000000000e+00,-0.0000000000000000e+00,0.0000000000000000e+00,
1.1270406817044824e-01,8.8740950418666442e-01,3.8923954252884712e-05,2.5874275401571967e-17,2.2042059252767324e-17,1.0001135723571126e+00,3.8926260845535587e-05,4.9498651497970469e-17,3.4445228004231041e-17,-0.0000000000000000e+00,-0.0000000000000000e+00,0.0000000000000000e+00,-0.0000000000000000e+00,-0.0000000000000000e+00,0.0000000000000000e+00,
1.1270446615692964e-01,8.8741263532215464e-01,2.0489117514276755e-17,1.7382015278357582e-17,2.0522665515188725e-17,1.0001171014790842e+00,2.5618250474974915e-17,3.3867233647460866e-17,3.0683727722052168e-17,-0.0000000000000000e+00,-0.0000000000000000e+00,0.0000000000000000e+00,-0.0000000000000000e+00,-0.0000000000000000e+00,0.0000000000000000e+00,

