1
1
15
0
(8 0
((0,0,0) (7,7,7) (0,0,0))
((8,0,0) (15,7,7) (0,0,0))
((0,8,0) (7,15,7) (0,0,0))
((8,8,0) (15,15,7) (0,0,0))
((0,0,8) (7,7,15) (0,0,0))
((8,0,8) (15,7,15) (0,0,0))
((0,8,8) (7,15,15) (0,0,0))
((8,8,8) (15,15,15) (0,0,0))
)
8
FabOnDisk: Cell_D_00000 0
FabOnDisk: Cell_D_00000 61527
FabOnDisk: Cell_D_00000 123055
FabOnDisk: Cell_D_00000 184583
FabOnDisk: Cell_D_00000 246112
FabOnDisk: Cell_D_00000 307640
FabOnDisk: Cell_D_00000 369169
FabOnDisk: Cell_D_00000 430698

8,15
1.1269125839791619e-01,8.8730873995845227e-01,-2.0886884917791060e-17,-1.7814632627882859e-17,-2.2440561911373675e-17,9.9999999835636844e-01,-3.7342893476352974e-17,-2.2434648131442534e-17,-4.1828896320476946e-17,-0.0000000000000000e+00,0.0000000000000000e+00,-0.0000000000000000e+00,-0.0000000000000000e+00,0.0000000000000000e+00,-0.0000000000000000e+00,
1.1269125839282934e-01,8.8730873991839854e-01,-3.5406596102215690e-10,-1.9333207972866331e-17,-2.6669296524781640e-17,9.9999999831122788e-01,-3.5406602309867002e-10,-1.9538808465142341e-17,-3.7487453757457388e-17,-0.0000000000000000e+00,-0.0000000000000000e+00,-0.0000000000000000e+00,-0.0000000000000000e+00,-0.0000000000000000e+00,-0.0000000000000000e+00,
1.1269125839282934e-01,8.8730873991839843e-01,-2.3561942595588824e-17,-3.5406596376741787e-10,-2.8222973493736692e-17,9.9999999831122777e-01,-4.1973456602765575e-17,-3.5406599733450127e-10,-3.3868812635816611e-17,-0.0000000000000000e+00,-0.0000000000000000e+00,-0.0000000000000000e+00,-0.0000000000000000e+00,-0.0000000000000000e+00,-0.0000000000000000e+00,
1.1269125838774233e-01,8.8730873987834513e-01,-3.5406527899064414e-10,-3.5406527866365272e-10,-2.2440561908069337e-17,9.9999999826608743e-01,-3.5406531305850739e-10,-3.5406526862289195e-10,-3.8210255193089015e-17,-0.0000000000000000e+00,-0.0000000000000000e+00,0.0000000000000000e+00,-0.0000000000000000e+00,-0.0000000000000000e+00,0.0000000000000000e+00,
1.1269125839282935e-01,8.8730873991839854e-01,-1.3153601758493694e-17,-2.1284079582709153e-17,-3.5406596069516542e-10,9.9999999831122788e-01,-2.6486970110482370e-17,-1.8816007023518240e-17,-3.5406597866305458e-10,-0.0000000000000000e+00,0.0000000000000000e+00,-0.0000000000000000e+00,-0.0000000000000000e+00,0.0000000000000000e+00,-0.0000000000000000e+00,
1.1269125838774235e-01,8.8730873987834513e-01,-3.5406529911824139e-10,-2.1646172613312535e-17,-3.5406528137381197e-10,9.9999999826608743e-01,-3.5406531783363081e-10,-2.7065211282042338e-17,-3.5406526876745221e-10,-0.0000000000000000e+00,-0.0000000000000000e+00,0.0000000000000000e+00,-0.0000000000000000e+00,-0.0000000000000000e+00,0.0000000000000000e+00,
1.1269125838774235e-01,8.8730873987834502e-01,-3.0933132773533927e-17,-3.5406529062567053e-10,-3.5406528137381197e-10,9.9999999826608743e-01,-6.7593064986397322e-17,-3.5406529887306351e-10,-3.5406526876745226e-10,-0.0000000000000000e+00,-0.0000000000000000e+00,0.0000000000000000e+00,-0.0000000000000000e+00,-0.0000000000000000e+00,0.0000000000000000e+00,
1.1269125838265551e-01,8.8730873983829139e-01,-3.5406461932948995e-10,-3.5406462359332626e-10,-3.5406462402562249e-10,9.9999999822094687e-01,-3.5406466713732894e-10,-3.5406466366324812e-10,-3.5406463037267667e-10,-0.0000000000000000e+00,-0.0000000000000000e+00,0.0000000000000000e+00,-0.0000000000000000e+00,-0.0000000000000000e+00,0.0000000000000000e+00,

8,15
1.1269125878362647e-01,8.8730874299545881e-01,3.5406596759895781e-10,3.5406595057871437e-10,3.5406595794990455e-10,1.0000000017790853e+00,3.5406602715099201e-10,3.5406601513858623e-10,3.5406600442722327e-10,-0.0000000000000000e+00,0.0000000000000000e+00,-0.0000000000000000e+00,-0.0000000000000000e+00,0.0000000000000000e+00,-0.0000000000000000e+00,
1.1269125877853940e-01,8.8730874295540396e-01,2.7825778892399072e-17,3.5406530573014387e-10,3.5406529684037841e-10,1.0000000017339434e+00,3.8499375855053119e-17,3.5406529597722386e-10,3.5406528439849901e-10,-0.0000000000000000e+00,-0.0000000000000000e+00,-0.0000000000000000e+00,-0.0000000000000000e+00,-0.0000000000000000e+00,-0.0000000000000000e+00,
1.1269125877853940e-01,8.8730874295540396e-01,3.5406529991263070e-10,1.5501668022764925e-17,3.5406530070701996e-10,1.0000000017339434e+00,3.5406530306994581e-10,2.2868329026131101e-17,3.5406528830626064e-10,-0.0000000000000000e+00,-0.0000000000000000e+00,-0.0000000000000000e+00,-0.0000000000000000e+00,-0.0000000000000000e+00,-0.0000000000000000e+00,
1.1269125877345232e-01,8.8730874291534945e-01,1.9730402637580612e-17,3.0571039747028141e-17,3.5406464296163577e-10,1.0000000016888018e+00,1.9105127625335740e-17,1.8526886456183421e-17,3.5406465729332761e-10,-0.0000000000000000e+00,-0.0000000000000000e+00,0.0000000000000000e+00,-0.0000000000000000e+00,-0.0000000000000000e+00,0.0000000000000000e+00,
1.1269125877853940e-01,8.8730874295540396e-01,3.5406526894439627e-10,3.5406529564879444e-10,2.5115619572559714e-17,1.0000000017339434e+00,3.5406529771658115e-10,3.5406530654402662e-10,3.8354815510703952e-17,-0.0000000000000000e+00,0.0000000000000000e+00,-0.0000000000000000e+00,-0.0000000000000000e+00,0.0000000000000000e+00,-0.0000000000000000e+00,
1.1269125877345232e-01,8.8730874291534945e-01,1.8609021952390708e-17,3.5406464523949880e-10,1.7417438013169380e-17,1.0000000016888018e+00,2.5908729011661211e-17,3.5406469072845937e-10,2.5908728978173403e-17,-0.0000000000000000e+00,-0.0000000000000000e+00,0.0000000000000000e+00,-0.0000000000000000e+00,-0.0000000000000000e+00,0.0000000000000000e+00,
1.1269125877345232e-01,8.8730874291534945e-01,3.5406460964533517e-10,3.4799774437260628e-17,2.5547915834862611e-17,1.0000000016888018e+00,3.5406467032228920e-10,3.5169855324273085e-17,4.0238733168102369e-17,-0.0000000000000000e+00,-0.0000000000000000e+00,0.0000000000000000e+00,-0.0000000000000000e+00,-0.0000000000000000e+00,0.0000000000000000e+00,
1.1269125876836525e-01,8.8730874287529427e-01,2.6704398182214847e-17,3.7545035278072152e-17,2.5910008876482602e-17,1.0000000016436594e+00,2.6342409881192864e-17,1.5052805626939722e-17,2.3591130475683722e-17,-0.0000000000000000e+00,-0.0000000000000000e+00,0.0000000000000000e+00,-0.0000000000000000e+00,-0.0000000000000000e+00,0.0000000000000000e+00,

