1
1
15
0
(8 0
((0,0,0) (7,7,7) (0,0,0))
((8,0,0) (15,7,7) (0,0,0))
((0,8,0) (7,15,7) (0,0,0))
((8,8,0) (15,15,7) (0,0,0))
((0,0,8) (7,7,15) (0,0,0))
((8,0,8) (15,7,15) (0,0,0))
((0,8,8) (7,15,15) (0,0,0))
((8,8,8) (15,15,15) (0,0,0))
)
8
FabOnDisk: Cell_D_00000 0
FabOnDisk: Cell_D_00000 61527
FabOnDisk: Cell_D_00000 123055
FabOnDisk: Cell_D_00000 184583
FabOnDisk: Cell_D_00000 246112
FabOnDisk: Cell_D_00000 307640
FabOnDisk: Cell_D_00000 369169
FabOnDisk: Cell_D_00000 430698

8,15
7.6235064150114995e-02,7.0316411564148429e-01,7.4591649095827311e-03,1.6711098623563656e-02,2.7210404678164015e-02,8.7641915548603277e-01,7.8156674576841806e-03,1.5956731568336796e-02,2.7317928358487238e-02,-4.1348223724124528e-02,-1.1804565452450669e-01,-6.3351440946553955e-02,-6.6767417255064243e-02,-7.9641292749630180e-03,-5.8060075994241598e-04,
7.5493587480616520e-02,3.7529731049631199e-01,7.3596569420395913e-03,1.2045891827183210e-02,2.3821161721379210e-02,7.8404301354585471e-01,6.6003293256450789e-03,1.3190039678001312e-02,2.6986277657011334e-02,-1.3136730882089176e-01,-2.1157704014461357e-01,-1.3974057536328272e-01,-8.8541131524436267e-02,-2.2006691628069553e-02,-3.4076016482145321e-04,
7.5924685510925585e-02,4.3917050954951758e-01,5.8825265025908326e-03,1.3909881187445640e-02,2.3747448455083302e-02,7.8777762394815964e-01,6.6663804633419668e-03,1.6196580288527811e-02,2.4212989885677837e-02,-8.8677082055009210e-02,-1.0979923063012123e-01,-1.2225822802590389e-01,-1.9576821171743364e-01,-7.5857554623819282e-02,-6.4719011245248544e-04,
7.6392936867035646e-02,7.2430266939207899e-02,5.3981349627237113e-03,1.1266302210771769e-02,1.9866940802395240e-02,7.8335395080981440e-01,4.5330703966059279e-03,1.2413670137038198e-02,2.0722105084215691e-02,-2.1710870516269787e-01,-1.5423978904325647e-01,-2.2806026443151764e-01,-2.4261815973625903e-01,-2.3786138139560778e-01,-1.8087608954753080e-04,
7.5793299319027133e-02,7.0354349881174849e-01,5.9860519783206945e-03,1.6929301789797766e-02,2.4364458671075916e-02,8.7661428588063861e-01,7.5709925612005768e-03,1.5220619838303672e-02,2.7386814043188511e-02,-4.2044930863338908e-02,-1.1783479330385456e-01,-9.9995029991818696e-04,-6.8163479306410396e-02,-7.4881319680313689e-03,-2.7239618018985279e-02,
7.5275641699833556e-02,3.7153991041157197e-01,6.6547463605861465e-03,1.3733862655579637e-02,2.3989335715877507e-02,7.8512107761833549e-01,6.5617312755693116e-03,1.3136991391470882e-02,2.6859098331981739e-02,-1.3229190901970814e-01,-2.1155807416082967e-01,-8.6765336937853765e-04,-9.0028554163562174e-02,-2.1137900770662556e-02,-9.3229443543748070e-02,
7.5386620578609759e-02,4.4522151463941617e-01,5.7341776679730215e-03,1.3813958146843955e-02,2.2413922193459127e-02,7.8793978627122196e-01,4.1190714555582840e-03,1.4550968592894748e-02,2.3069189884816845e-02,-8.8569899868715621e-02,-1.0744975632743559e-01,-1.3129228304165075e-03,-1.9626222592792578e-01,-7.5424567563776634e-02,-7.5785008799941669e-02,
7.5782643543593473e-02,7.3824851935824054e-02,5.2453322176763476e-03,1.2615562190758413e-02,1.9993938738443288e-02,7.8253540803478994e-01,4.2806569569939154e-03,1.0980831165120081e-02,1.9232417510926757e-02,-2.1661439826055964e-01,-1.4835240730414784e-01,-9.1016184761244512e-04,-2.4150522198456265e-01,-2.3849655899410052e-01,-2.5298382428545196e-01,

8,15
1.7325503984454843e-01,9.6172961372179078e-01,1.1151983674403699e-02,2.0622869833945838e-02,3.0732335005917995e-02,1.0379646778719058e+00,1.3143453868820867e-02,2.0447341919208509e-02,3.0723850797616945e-02,1.2529066239913128e-01,2.5853658556667505e-02,1.9070673977394786e-03,1.3668112354832982e-02,6.2980987739167230e-02,2.6780862390577247e-02,
4.0953974168030388e-01,9.6400746786264335e-01,1.1474950759819871e-02,2.0670461949645749e-02,3.0854346350025496e-02,1.0395010553432598e+00,1.4109951268675138e-02,2.0438018715064163e-02,3.1576416223439235e-02,1.2620880049827402e-01,6.4476506439649944e-02,1.0277351696450082e-03,8.4935874016819818e-02,2.1463346520717913e-01,9.1791088624548392e-02,
3.4860711439864206e-01,9.6258534821234698e-01,1.1805167424111774e-02,2.0559960321040339e-02,3.0115080567924842e-02,1.0385100337232727e+00,1.3660444772271369e-02,2.1217020130790527e-02,3.0530207153597860e-02,2.1906019071267005e-01,1.2066984702837975e-01,2.0887400937843331e-03,3.3318810928299622e-02,7.5079660486573357e-02,7.5313877746235575e-02,
9.9894096007351785e-01,9.6100801594733842e-01,1.1805218225159893e-02,2.0417795950564092e-02,3.0248175912039380e-02,1.0713712270127258e+00,1.4703810127905958e-02,2.2450903466445335e-02,3.0914112316654731e-02,1.6814443311003091e-01,2.1329127831788602e-01,4.1881968850504547e-04,2.3814139875438578e-01,2.4165244626189319e-01,2.5148421796298803e-01,
1.7307078706889012e-01,9.6330471256550565e-01,1.1522550781970052e-02,1.9992265728148557e-02,3.0534371964709147e-02,1.0390980118845328e+00,1.1570682067076650e-02,2.0351915760602954e-02,3.1349078352651931e-02,1.2777397184147971e-01,2.4550437622663165e-02,6.4570843377690978e-02,1.3899960403374149e-02,6.2941369021308619e-02,2.8399906346554451e-04,
4.1439144984346332e-01,9.6486842690569108e-01,1.1923873590408841e-02,2.0392668667856950e-02,3.0236278393094205e-02,1.0401440686055246e+00,1.2314135030582896e-02,2.0155908702115623e-02,3.1990721660237705e-02,1.2762550879739257e-01,6.2550099633892381e-02,1.3779319382117622e-01,8.6078021285191111e-02,2.1670018558886556e-01,2.4381541804005449e-04,
3.4271827163180579e-01,9.6449431694810617e-01,1.1527593321928389e-02,2.0196625185170517e-02,2.9273029034728209e-02,1.0398809375267160e+00,1.0593199569241585e-02,2.0446013851162233e-02,3.1084018110753238e-02,2.2191540534937251e-01,1.2014216681024577e-01,1.2870571855415969e-01,3.3145044890735512e-02,7.3422872165703562e-02,3.7434903679872417e-04,
9.9259774138912815e-01,9.6322964937342892e-01,1.1153636738807655e-02,1.9891931803511596e-02,2.8888736486371486e-02,1.0664225933249523e+00,1.0956078963924523e-02,2.0213142564606563e-02,3.1161068455933836e-02,1.6893598538551874e-01,2.1526696196180289e-01,2.3204149837617960e-01,2.3658726249944551e-01,2.3771107730536573e-01,2.5641825087524897e-04,

