1
1
15
0
(8 0
((0,0,0) (7,7,7) (0,0,0))
((8,0,0) (15,7,7) (0,0,0))
((0,8,0) (7,15,7) (0,0,0))
((8,8,0) (15,15,7) (0,0,0))
((0,0,8) (7,7,15) (0,0,0))
((8,0,8) (15,7,15) (0,0,0))
((0,8,8) (7,15,15) (0,0,0))
((8,8,8) (15,15,15) (0,0,0))
)
8
FabOnDisk: Cell_D_00000 0
FabOnDisk: Cell_D_00000 61527
FabOnDisk: Cell_D_00000 123055
FabOnDisk: Cell_D_00000 184583
FabOnDisk: Cell_D_00000 246112
FabOnDisk: Cell_D_00000 307640
FabOnDisk: Cell_D_00000 369169
FabOnDisk: Cell_D_00000 430698

8,15
1.1269125848315929e-01,8.8730874062963871e-01,-2.0489690304014841e-17,-2.7825778858479514e-17,-2.6704398171849298e-17,9.9999999911279802e-01,-3.0683852420185022e-17,-3.8499375808122471e-17,-3.4736174430436260e-17,-0.0000000000000000e+00,0.0000000000000000e+00,-0.0000000000000000e+00,-0.0000000000000000e+00,0.0000000000000000e+00,-0.0000000000000000e+00,
1.1269125848571511e-01,8.8730874064976295e-01,-6.6041062921865710e-09,-2.1681274254037148e-17,-2.3632145864357119e-17,9.9999999913547810e-01,-6.6041062530014934e-09,-3.6764652336242330e-17,-4.1106094925867436e-17,-0.0000000000000000e+00,-0.0000000000000000e+00,-0.0000000000000000e+00,-0.0000000000000000e+00,-0.0000000000000000e+00,-0.0000000000000000e+00,
1.1269125848571511e-01,8.8730874064976284e-01,-1.7779531027025209e-17,-6.6041062600267532e-09,-1.9695301014991918e-17,9.9999999913547799e-01,-2.3157449600219243e-17,-6.6041062697936569e-09,-3.8065694937274656e-17,-0.0000000000000000e+00,0.0000000000000000e+00,-0.0000000000000000e+00,-0.0000000000000000e+00,0.0000000000000000e+00,-0.0000000000000000e+00,
1.1269125848826955e-01,8.8730874066987653e-01,-6.6041624101410577e-09,-6.6041623815559920e-09,-2.3199849582300806e-17,9.9999999915814608e-01,-6.6041624073534541e-09,-6.6041623577090350e-09,-2.8949128946661406e-17,-0.0000000000000000e+00,-0.0000000000000000e+00,0.0000000000000000e+00,-0.0000000000000000e+00,-0.0000000000000000e+00,0.0000000000000000e+00,
1.1269125848571512e-01,8.8730874064976273e-01,-2.5512814217927464e-17,-3.4799774407772385e-17,-6.6041062615804300e-09,9.9999999913547788e-01,-3.4447053842309814e-17,-3.8210255231236683e-17,-6.6041062661750147e-09,-0.0000000000000000e+00,0.0000000000000000e+00,-0.0000000000000000e+00,-0.0000000000000000e+00,0.0000000000000000e+00,-0.0000000000000000e+00,
1.1269125848826955e-01,8.8730874066987653e-01,-6.6041624082252867e-09,-2.6704398173831234e-17,-6.6041623734255138e-09,9.9999999915814608e-01,-6.6041623924452069e-09,-3.3724252378834732e-17,-6.6041623572753550e-09,-0.0000000000000000e+00,-0.0000000000000000e+00,0.0000000000000000e+00,-0.0000000000000000e+00,-0.0000000000000000e+00,0.0000000000000000e+00,
1.1269125848826954e-01,8.8730874066987664e-01,-1.9333207992664808e-17,-6.6041623853875307e-09,-6.6041623652599334e-09,9.9999999915814619e-01,-2.6197849558144208e-17,-6.6041623875255254e-09,-6.6041623827504019e-09,-0.0000000000000000e+00,-0.0000000000000000e+00,0.0000000000000000e+00,-0.0000000000000000e+00,-0.0000000000000000e+00,0.0000000000000000e+00,
1.1269125849082252e-01,8.8730874068997856e-01,-6.6042184999077562e-09,-6.6042184929688615e-09,-6.6042184771050999e-09,9.9999999918080107e-01,-6.6042185046792326e-09,-6.6042184821000251e-09,-6.6042184738508192e-09,-0.0000000000000000e+00,-0.0000000000000000e+00,0.0000000000000000e+00,-0.0000000000000000e+00,-0.0000000000000000e+00,0.0000000000000000e+00,

8,15
1.1269125867417330e-01,8.8730874213364574e-01,6.6041062917893770e-09,6.6041062735775491e-09,6.6041062913921823e-09,1.0000000008078191e+00,6.6041062603833367e-09,6.6041062705164581e-09,6.6041062677651792e-09,-0.0000000000000000e+00,0.0000000000000000e+00,-0.0000000000000000e+00,-0.0000000000000000e+00,0.0000000000000000e+00,-0.0000000000000000e+00,
1.1269125867665584e-01,8.8730874215319266e-01,2.3959137250496842e-17,6.6041623807264994e-09,6.6041623873384022e-09,1.0000000008298484e+00,3.4591614097298532e-17,6.6041623983814478e-09,6.6041623765250415e-09,-0.0000000000000000e+00,-0.0000000000000000e+00,-0.0000000000000000e+00,-0.0000000000000000e+00,-0.0000000000000000e+00,-0.0000000000000000e+00,
1.1269125867665584e-01,8.8730874215319255e-01,6.6041624035993594e-09,2.6669296546072866e-17,6.6041623826773718e-09,1.0000000008298484e+00,6.6041623773924032e-09,3.4736174407538149e-17,6.6041623873809664e-09,-0.0000000000000000e+00,0.0000000000000000e+00,-0.0000000000000000e+00,-0.0000000000000000e+00,0.0000000000000000e+00,-0.0000000000000000e+00,
1.1269125867913699e-01,8.8730874217272881e-01,2.0127597272455030e-17,2.4753526543250541e-17,6.6042184775022955e-09,1.0000000008518657e+00,4.5158416848580283e-17,2.6631530407446167e-17,6.6042184664689775e-09,-0.0000000000000000e+00,-0.0000000000000000e+00,0.0000000000000000e+00,-0.0000000000000000e+00,-0.0000000000000000e+00,0.0000000000000000e+00,
1.1269125867665584e-01,8.8730874215319266e-01,6.6041623849903359e-09,6.6041623652599342e-09,2.4753526545347552e-17,1.0000000008298484e+00,6.6041623949073670e-09,6.6041623827504011e-09,2.2868329012751915e-17,-0.0000000000000000e+00,0.0000000000000000e+00,-0.0000000000000000e+00,-0.0000000000000000e+00,0.0000000000000000e+00,-0.0000000000000000e+00,
1.1269125867913696e-01,8.8730874217272859e-01,2.2440561914412666e-17,6.6042184863569595e-09,3.5991358311586351e-17,1.0000000008518655e+00,4.1250655170592919e-17,6.6042185039564315e-09,2.6197849549500680e-17,-0.0000000000000000e+00,-0.0000000000000000e+00,0.0000000000000000e+00,-0.0000000000000000e+00,-0.0000000000000000e+00,0.0000000000000000e+00,
1.1269125867913696e-01,8.8730874217272870e-01,6.6042185080382344e-09,3.5559062047031422e-17,3.2089615096334236e-17,1.0000000008518657e+00,6.6042185051129143e-09,5.3118500561438407e-17,4.1395215452080257e-17,-0.0000000000000000e+00,-0.0000000000000000e+00,0.0000000000000000e+00,-0.0000000000000000e+00,-0.0000000000000000e+00,0.0000000000000000e+00,
1.1269125868161667e-01,8.8730874219225253e-01,3.0535938124224775e-17,3.6750645984070798e-17,3.0173845112957612e-17,1.0000000008738692e+00,3.8643936078681886e-17,2.4169371622320893e-17,4.0816974318630717e-17,-0.0000000000000000e+00,-0.0000000000000000e+00,0.0000000000000000e+00,-0.0000000000000000e+00,-0.0000000000000000e+00,0.0000000000000000e+00,

