1
1
15
0
(8 0
((0,0,0) (7,7,7) (0,0,0))
((8,0,0) (15,7,7) (0,0,0))
((0,8,0) (7,15,7) (0,0,0))
((8,8,0) (15,15,7) (0,0,0))
((0,0,8) (7,7,15) (0,0,0))
((8,0,8) (15,7,15) (0,0,0))
((0,8,8) (7,15,15) (0,0,0))
((8,8,8) (15,15,15) (0,0,0))
)
8
FabOnDisk: Cell_D_00000 0
FabOnDisk: Cell_D_00000 61527
FabOnDisk: Cell_D_00000 123055
FabOnDisk: Cell_D_00000 184583
FabOnDisk: Cell_D_00000 246112
FabOnDisk: Cell_D_00000 307640
FabOnDisk: Cell_D_00000 369169
FabOnDisk: Cell_D_00000 430698

8,15
1.1269037796745214e-01,8.8730180761449651e-01,-3.9359054036391500e-06,-3.9359054036464861e-06,-3.9359054036565675e-06,9.9999218558194869e-01,-3.9359098833074537e-06,-3.9359098833226512e-06,-3.9359098833120845e-06,-0.0000000000000000e+00,-0.0000000000000000e+00,0.0000000000000000e+00,-0.0000000000000000e+00,-0.0000000000000000e+00,0.0000000000000000e+00,
1.1269035373083233e-01,8.8730161677990904e-01,-2.0092447601303388e-17,-3.9440603521583429e-06,-3.9440603521455857e-06,9.9999197051074140e-01,-3.0683779019622579e-17,-3.9440648317800607e-06,-3.9440648317645752e-06,-0.0000000000000000e+00,-0.0000000000000000e+00,0.0000000000000000e+00,-0.0000000000000000e+00,-0.0000000000000000e+00,0.0000000000000000e+00,
1.1269035373083235e-01,8.8730161677990904e-01,-3.9440603521800583e-06,-1.1962069699588515e-17,-3.9440603521602928e-06,9.9999197051074140e-01,-3.9440648317553087e-06,-3.0250302742673046e-17,-3.9440648317690611e-06,-0.0000000000000000e+00,-0.0000000000000000e+00,0.0000000000000000e+00,-0.0000000000000000e+00,-0.0000000000000000e+00,0.0000000000000000e+00,
1.1269032948990705e-01,8.8730142591142036e-01,-1.9333173539913485e-17,-1.8176740563578336e-17,-3.9522155875851582e-06,9.9999175540132745e-01,-2.2145469857590634e-17,-4.1106336942110466e-17,-3.9522200671111334e-06,-0.0000000000000000e+00,0.0000000000000000e+00,-0.0000000000000000e+00,-0.0000000000000000e+00,0.0000000000000000e+00,-0.0000000000000000e+00,
1.1269035373083235e-01,8.8730161677990926e-01,-3.9440603521726882e-06,-3.9440603521594999e-06,-3.2089524598488005e-17,9.9999197051074162e-01,-3.9440648317660194e-06,-3.9440648317838249e-06,-5.2829366345766170e-17,-0.0000000000000000e+00,-0.0000000000000000e+00,0.0000000000000000e+00,-0.0000000000000000e+00,-0.0000000000000000e+00,0.0000000000000000e+00,
1.1269032948990705e-01,8.8730142591142025e-01,-3.1727666486116350e-17,-3.9522155875991055e-06,-2.9017337580228467e-17,9.9999175540132734e-01,-3.3724509754974353e-17,-3.9522200671044731e-06,-4.4580212244641214e-17,-0.0000000000000000e+00,-0.0000000000000000e+00,-0.0000000000000000e+00,-0.0000000000000000e+00,0.0000000000000000e+00,-0.0000000000000000e+00,
1.1269032948990704e-01,8.8730142591142047e-01,-3.9522155876161266e-06,-1.6658197195568143e-17,-3.1330264887499551e-17,9.9999175540132756e-01,-3.9522200671164858e-06,-2.1133609937719439e-17,-4.2262467070783094e-17,-0.0000000000000000e+00,-0.0000000000000000e+00,-0.0000000000000000e+00,-0.0000000000000000e+00,-0.0000000000000000e+00,-0.0000000000000000e+00,
1.1269030524468490e-01,8.8730123500909908e-01,-2.9052519517786358e-17,-3.0173809761653933e-17,-3.2884031333032644e-17,9.9999154025378401e-01,-3.4447150531537189e-17,-2.5330696662341938e-17,-4.9500127669714455e-17,-0.0000000000000000e+00,-0.0000000000000000e+00,-0.0000000000000000e+00,-0.0000000000000000e+00,-0.0000000000000000e+00,-0.0000000000000000e+00,

8,15
1.1269220737863771e-01,8.8731621205423838e-01,1.2394324696129276e-17,2.3199770100453386e-17,2.3994197149583325e-17,1.0000084194328760e+00,3.3579597616576657e-17,4.1250564043086572e-17,1.9683343245270756e-17,-0.0000000000000000e+00,-0.0000000000000000e+00,0.0000000000000000e+00,-0.0000000000000000e+00,-0.0000000000000000e+00,0.0000000000000000e+00,
1.1269218336233444e-01,8.8731602295438217e-01,3.9359054036310193e-06,2.6704225179763421e-17,2.7498662377231057e-17,1.0000082063167166e+00,3.9359098833070201e-06,4.5158358317196361e-17,4.0961419331323312e-17,-0.0000000000000000e+00,-0.0000000000000000e+00,0.0000000000000000e+00,-0.0000000000000000e+00,-0.0000000000000000e+00,0.0000000000000000e+00,
1.1269218336233444e-01,8.8731602295438206e-01,1.9730449560717004e-17,3.9359054036337298e-06,2.7428507049613508e-17,1.0000082063167164e+00,3.7053846370771939e-17,3.9359098833071649e-06,4.5881089258337715e-17,-0.0000000000000000e+00,-0.0000000000000000e+00,0.0000000000000000e+00,-0.0000000000000000e+00,-0.0000000000000000e+00,0.0000000000000000e+00,
1.1269215934148741e-01,8.8731583381874857e-01,3.9440603521838911e-06,3.9440603521676298e-06,2.6342270973390775e-17,1.0000079931602359e+00,3.9440648317851259e-06,3.9440648317842586e-06,3.7921004721774601e-17,-0.0000000000000000e+00,0.0000000000000000e+00,-0.0000000000000000e+00,-0.0000000000000000e+00,0.0000000000000000e+00,-0.0000000000000000e+00,
1.1269218336233446e-01,8.8731602295438194e-01,1.2791480469915701e-17,2.2008203579328817e-17,3.9359054036403062e-06,1.0000082063167164e+00,2.2000804781738479e-17,4.5591969166814148e-17,3.9359098833112171e-06,-0.0000000000000000e+00,-0.0000000000000000e+00,0.0000000000000000e+00,-0.0000000000000000e+00,-0.0000000000000000e+00,0.0000000000000000e+00,
1.1269215934148745e-01,8.8731583381874857e-01,3.9440603521517657e-06,2.4391364883603362e-17,3.9440603521776764e-06,1.0000079931602359e+00,3.9440648317760085e-06,1.8960473276290960e-17,3.9440648317996009e-06,-0.0000000000000000e+00,-0.0000000000000000e+00,-0.0000000000000000e+00,-0.0000000000000000e+00,0.0000000000000000e+00,-0.0000000000000000e+00,
1.1269215934148745e-01,8.8731583381874846e-01,2.5185751813151425e-17,3.9440603521459830e-06,3.9440603521683887e-06,1.0000079931602359e+00,3.3434971380861936e-17,3.9440648317571916e-06,3.9440648317954030e-06,-0.0000000000000000e+00,-0.0000000000000000e+00,-0.0000000000000000e+00,-0.0000000000000000e+00,-0.0000000000000000e+00,-0.0000000000000000e+00,
1.1269213531610515e-01,8.8731564464740531e-01,3.9522155876033703e-06,3.9522155876145723e-06,3.9522155875975520e-06,1.0000077799635105e+00,3.9522200671009995e-06,3.9522200671201043e-06,3.9522200671080925e-06,-0.0000000000000000e+00,-0.0000000000000000e+00,-0.0000000000000000e+00,-0.0000000000000000e+00,-0.0000000000000000e+00,-0.0000000000000000e+00,

