1
1
15
0
(8 0
((0,0,0) (7,7,7) (0,0,0))
((8,0,0) (15,7,7) (0,0,0))
((0,8,0) (7,15,7) (0,0,0))
((8,8,0) (15,15,7) (0,0,0))
((0,0,8) (7,7,15) (0,0,0))
((8,0,8) (15,7,15) (0,0,0))
((0,8,8) (7,15,15) (0,0,0))
((8,8,8) (15,15,15) (0,0,0))
)
8
FabOnDisk: Cell_D_00000 0
FabOnDisk: Cell_D_00000 61527
FabOnDisk: Cell_D_00000 123055
FabOnDisk: Cell_D_00000 184583
FabOnDisk: Cell_D_00000 246112
FabOnDisk: Cell_D_00000 307640
FabOnDisk: Cell_D_00000 369169
FabOnDisk: Cell_D_00000 430698

8,15
4.6816513653753784e-02,4.1300406471083795e-01,-6.0357603615844397e-03,4.2715346588487494e-03,1.7058854105013309e-02,7.5808437597970912e-01,5.7546281531378057e-03,1.4171813751338464e-02,2.4231286073811118e-02,-1.1663849856385869e-02,-3.2346851934324974e-02,-6.7093505176317708e-02,-1.0134639324201997e-01,-1.3107515053664920e-01,-1.7184068761327101e-01,
4.7192444788816297e-02,3.4345521009000557e-01,6.7341193491454385e-03,4.0945686397940266e-03,1.7054451522840988e-02,7.5807184116713100e-01,2.5101459410226527e-03,1.4238365349598556e-02,2.4358905872485039e-02,-1.4075824411172980e-01,-3.6903016079560355e-02,-7.6971082895940263e-02,-3.1840049828978062e-02,-1.5318960561515921e-01,-2.0115150082179234e-01,
4.8012687444307631e-02,2.5714304530564780e-01,-8.4051117873791235e-03,1.3299113942509360e-02,1.8103253327897306e-02,7.5851439080292415e-01,6.4670520668449524e-03,9.5203372193120792e-03,2.5048924828492192e-02,-1.5944254895012430e-02,-1.5750964650121690e-01,-9.2093410223609451e-02,-1.4982018297717686e-01,-8.6033134297006097e-02,-2.3972704708927686e-01,
4.8426013945004884e-02,1.9736608556266616e-01,7.3973649233575016e-03,1.3864477950173287e-02,1.8644025098888087e-02,7.6028708843295878e-01,1.7410279339609242e-03,8.9848086837354194e-03,2.5201645614748240e-02,-1.7388325252813089e-01,-1.7441233033999876e-01,-1.0611045146731318e-01,-4.1753496245573535e-02,-9.7108936481575703e-02,-2.6838794151361289e-01,
4.9053090570055573e-02,1.6309188193226434e-01,-8.7745506260389072e-03,5.3491429589667770e-03,2.1750709493851852e-02,7.5663965724500470e-01,7.1013505188102189e-03,1.5970842869792588e-02,1.8011592094210514e-02,-1.9731111282883684e-02,-5.4004385398876836e-02,-1.8165722164235623e-01,-1.8962065030292821e-01,-2.2224034081638858e-01,-1.4858517863809179e-01,
4.9525507384473040e-02,1.1771325553932732e-01,7.5964811454916348e-03,5.5911150837957349e-03,2.2824455328809667e-02,7.5686596598477296e-01,9.7767016621545626e-04,1.6039884408464985e-02,1.7555166372892408e-02,-1.9166366643995530e-01,-6.2195689933900844e-02,-2.0182275508232927e-01,-4.9590021823645927e-02,-2.5606245104092562e-01,-1.6591645702099947e-01,
5.0612696715158917e-02,7.3724766931885691e-02,-7.4774541374059648e-03,1.4800739757691743e-02,2.3922503325183985e-02,7.5901436597164174e-01,8.0570384889505353e-03,9.2979094254550324e-03,1.7841424500269695e-02,-2.7552545153157401e-02,-2.1711673264087678e-01,-2.2650135590154941e-01,-2.4208886092071596e-01,-1.2120913167355220e-01,-1.8403045908611082e-01,
5.1218637651139744e-02,5.1420203466257836e-02,7.2339126969957071e-03,1.5216979160506752e-02,2.4423632045031642e-02,7.6240684004427361e-01,-2.6173577353037812e-04,8.9279709750218900e-03,1.7527145469843280e-02,-2.2862449451758898e-01,-2.2471992738820870e-01,-2.4355767751603144e-01,-5.6033978058072288e-02,-1.2472449276438248e-01,-1.9115698060604297e-01,

8,15
3.4508031126887123e-01,1.0258168534225081e+00,1.9502644365531341e-02,3.8158034587401059e-02,5.3249814203135501e-02,1.0727374320298038e+00,1.4570340245523981e-02,2.9567427251057699e-02,4.3024894895820433e-02,1.4849328526398609e-01,1.7462952302513926e-01,2.0379007465259119e-01,3.1518103979020686e-03,9.2432652597939959e-03,2.0686774299788400e-02,
4.1461663107712537e-01,1.0249586895858565e+00,2.9849317196460980e-02,3.8446956466239010e-02,5.3652947435501183e-02,1.0722104889859800e+00,1.3918263384760947e-02,3.0483746067550263e-02,4.3982251253401744e-02,2.8197633476568024e-02,1.8717193942254268e-01,2.2089021900225558e-01,9.4154418768704853e-02,1.0690436007938143e-02,2.4402197337651893e-02,
5.2548347628807479e-01,1.0231646179530491e+00,2.0627802282311192e-02,4.1785114160961437e-02,5.4254929821184995e-02,1.0711773053973568e+00,1.6274827019881307e-02,2.8726669760625052e-02,4.4203211585783497e-02,1.8334589088533726e-01,7.1170969358064162e-02,2.3731407976891289e-01,4.4344147053022656e-03,1.1596740533222601e-01,3.0434035543798914e-02,
6.2269904946705623e-01,1.0220915585925943e+00,3.2826287946642677e-02,4.2717259118168184e-02,5.4431051859360313e-02,1.0705175725375990e+00,1.5181548334606844e-02,2.9697235012151130e-02,4.5356380584710483e-02,2.8826062131962319e-02,7.1732813512163901e-02,2.4655838381450837e-01,1.4054793017568995e-01,1.3860024940181273e-01,3.6417908247132619e-02,
6.9417232636986803e-01,1.0193398574925605e+00,2.1528885803802571e-02,3.9424527825808305e-02,5.3337945171149904e-02,1.0683929480626160e+00,1.5969452369681815e-02,3.1344827822107978e-02,4.2741142777138710e-02,2.0135919502341526e-01,2.2500961674948242e-01,1.1558843512278184e-01,5.6959885504207610e-03,1.6588060990723554e-02,1.5318146850145326e-01,
8.0521982353880051e-01,1.0180905952243500e+00,3.3263893942710440e-02,3.9900771464787210e-02,5.4573683478192025e-02,1.0676161026088231e+00,1.4686800649935085e-02,3.3109282032631582e-02,4.3429216957756853e-02,3.0776449169787008e-02,2.4086575404784497e-01,1.1620497445992153e-01,1.8074806460985285e-01,1.9609966074378822e-02,1.7981055077829328e-01,
9.4873593316667748e-01,1.0151757234938834e+00,2.2815812447742202e-02,4.4064543711183117e-02,5.5357444792335009e-02,1.0657884202090424e+00,2.0280781439788280e-02,3.0077108555665186e-02,4.3730133669880558e-02,2.2956429945478610e-01,7.4184046261594083e-02,1.1553199025178684e-01,8.4200725147001269e-03,2.2274042355555934e-01,2.2356962679145809e-01,
1.0443153471662494e+00,1.0134799132353491e+00,3.2225899510365148e-02,4.3669750447959392e-02,5.5471570450178677e-02,1.0957355506325073e+00,1.8282302036793836e-02,3.2266432686675436e-02,4.4839694539017198e-02,3.4043521432453497e-02,7.5569672599105214e-02,1.1659932993954766e-01,2.4510585110672625e-01,2.5062829927894936e-01,2.5953733481074048e-01,

