1
1
15
0
(8 0
((0,0,0) (7,7,7) (0,0,0))
((8,0,0) (15,7,7) (0,0,0))
((0,8,0) (7,15,7) (0,0,0))
((8,8,0) (15,15,7) (0,0,0))
((0,0,8) (7,7,15) (0,0,0))
((8,0,8) (15,7,15) (0,0,0))
((0,8,8) (7,15,15) (0,0,0))
((8,8,8) (15,15,15) (0,0,0))
)
8
FabOnDisk: Cell_D_00000 0
FabOnDisk: Cell_D_00000 61527
FabOnDisk: Cell_D_00000 123055
FabOnDisk: Cell_D_00000 184583
FabOnDisk: Cell_D_00000 246112
FabOnDisk: Cell_D_00000 307640
FabOnDisk: Cell_D_00000 369169
FabOnDisk: Cell_D_00000 430698

8,15
6.9619689385449046e-02,8.6992392765790827e-01,6.9842588355856520e-03,1.8228266870207177e-02,2.9552011292496738e-02,9.7209189565012377e-01,8.6509803812113515e-03,1.9517347748291686e-02,2.8661613457260732e-02,-6.3134936126470476e-03,-3.3989400551514393e-02,-5.7729391892348991e-02,-1.2033455149207298e-02,-2.1608643157561842e-02,-6.1380039488722693e-03,
6.9607349291112439e-02,8.2154729103697255e-01,9.3295854365114395e-03,1.9353956875839556e-02,2.9594664783940992e-02,9.4062932491478524e-01,9.6725133436003519e-03,1.9104883046235602e-02,2.8049729078167825e-02,-3.3746769587402442e-02,-4.9949765838357953e-02,-8.8123598514605217e-02,-9.9373737730851786e-03,-3.6775347033609830e-02,-1.0083413494610841e-02,
6.9692163472807683e-02,6.4029693872354054e-01,6.6878004660095598e-03,1.8893790759326661e-02,2.7411770678373255e-02,8.4173633579005747e-01,7.7717687420416183e-03,2.0083346502929918e-02,2.6171617363996213e-02,-1.5647295690228935e-02,-7.4545785934275993e-02,-1.7718127762468208e-01,-5.9873246280784449e-02,-3.4327003700242290e-02,-2.7173587454384328e-02,
7.0568817036452708e-02,4.8350237682493941e-01,9.1637201197599799e-03,1.8469334885067388e-02,2.3915987721377839e-02,7.8744798270685834e-01,7.5753793999122432e-03,1.9377753014029012e-02,2.5094372282914775e-02,-1.0808343425714131e-01,-1.1090211143076273e-01,-2.3203157305645750e-01,-5.3057507406867266e-02,-6.1497068491705581e-02,-4.7627092367003333e-02,
6.9750571010900528e-02,7.0142293174253378e-01,6.0843419989440924e-03,1.4822173416007760e-02,2.7265041734590028e-02,8.7175080059912202e-01,6.8426506183876046e-03,1.5709752974407375e-02,2.7996194463420158e-02,-1.3658406003453444e-02,-9.8098637759551244e-02,-6.6110768831068589e-02,-5.4885135554204545e-02,-9.0993709913142887e-02,-3.0332791002312162e-02,
7.0508147595577886e-02,5.5457542882062394e-01,8.2168586133237430e-03,1.3979165538077147e-02,2.6602343737745397e-02,8.0798753681222935e-01,7.8654934195711099e-03,1.5052853209574620e-02,2.6189463856584189e-02,-9.6570048835394634e-02,-1.4775954207536229e-01,-1.0000448820921942e-01,-4.5277080600184261e-02,-1.6557427474467273e-01,-5.4836049124325728e-02,
7.0558035622801801e-02,1.9218359039810146e-01,5.3002396051038438e-03,1.4845798659387245e-02,2.4399135504750469e-02,7.7719215595607705e-01,6.1722628372678561e-03,1.4088371998935117e-02,2.2281142452186528e-02,-4.3761333799386473e-02,-1.7857014070034594e-01,-1.7733959295404236e-01,-2.5717154161340244e-01,-1.5291986604756214e-01,-1.6189871604584599e-01,
7.3836318031221898e-02,6.0450153955889638e-02,6.5000883999223394e-03,1.4303253531667993e-02,2.1729206396095452e-02,7.7635957319042292e-01,3.3596601602699392e-03,1.1845084398212236e-02,2.0497072399681883e-02,-2.2421052045218151e-01,-2.2035360394773623e-01,-1.9686859362441195e-01,-1.8116474906954205e-01,-2.4196997363545464e-01,-2.6497506384402880e-01,

8,15
1.0216796799221549e-01,9.7589578777248098e-01,1.3839429426340069e-02,2.6589189933063789e-02,3.7732360595617659e-02,1.0455444769623827e+00,1.4801737586399577e-02,2.5978213972204137e-02,3.7103000461635456e-02,3.3688961280563479e-02,5.9202964550059786e-02,2.1136734064618579e-02,1.8399633508679311e-03,1.0738523007003372e-02,2.1168710048741775e-02,
1.1908203387781269e-01,9.7593467799330091e-01,1.5540659776582580e-02,2.6710141292777115e-02,3.7946335457280732e-02,1.0455895787085014e+00,1.4535504882000009e-02,2.6349208510933402e-02,3.7123058556752415e-02,2.5952565470452382e-02,8.9055390219800759e-02,3.3637054479458334e-02,1.1833583665259911e-02,1.6435968249412854e-02,3.6525515905396107e-02,
2.0143939706651690e-01,9.7588303223465878e-01,1.4000662387102942e-02,2.6250883104349938e-02,3.7735809125351717e-02,1.0455751957074664e+00,1.7360756239382005e-02,2.6322511727008082e-02,3.6835169499780496e-02,1.0130891063821840e-01,7.4066378692717011e-02,7.9581264550537947e-02,4.6365034837545539e-03,3.5666403116240489e-02,1.0646241582352345e-01,
3.0394560588191888e-01,9.7269242365516384e-01,1.5372898168841284e-02,2.6270941341167704e-02,3.8098970387474528e-02,1.0432612406916166e+00,1.7498585588622082e-02,2.7800371929955030e-02,3.6854910013186512e-02,7.3738735402383987e-02,1.0860088824176845e-01,1.2414302038923415e-01,6.0716625821654949e-02,6.4437981889827273e-02,1.8851902759754841e-01,
1.7032786885658821e-01,9.7551965785808203e-01,1.3906437089402108e-02,2.6317270380331412e-02,3.6667809544436665e-02,1.0452702288689826e+00,1.5004223655096278e-02,2.5423935859951074e-02,3.8041746148336587e-02,1.0248954523475502e-01,1.6931184927899229e-01,7.2825292869212049e-02,3.9694161987055433e-03,3.7707047399104479e-02,2.8131766830548428e-02,
2.5341210799160535e-01,9.7279101657994604e-01,1.5803047583124057e-02,2.6132973586430786e-02,3.6923877623179037e-02,1.0432991641755240e+00,1.4896714191870915e-02,2.5788860370643672e-02,3.8155306598632768e-02,6.9745951340821011e-02,2.3129171124749959e-01,1.0618225285992600e-01,4.9064950620268000e-02,6.5670819312697748e-02,5.1534593067702111e-02,
6.6299819061600551e-01,9.7296463388823284e-01,1.4406810435462174e-02,2.5904271734081902e-02,3.6811081590319844e-02,1.0435226695110347e+00,1.7105939019982599e-02,2.6038460143738246e-02,3.7942888467742665e-02,2.2498654203049184e-01,1.7894526340415418e-01,1.8731380960695204e-01,1.4089518819897751e-02,1.5310625490574448e-01,1.5728272739689189e-01,
1.0371394288215616e+00,9.6115542094591067e-01,1.6112468136099296e-02,2.5804851174252651e-02,3.7042823742849236e-02,1.0975895827774513e+00,1.7121351955029031e-02,2.6776880587326159e-02,3.8150015991992713e-02,9.3435129453552285e-02,2.0424804585086112e-01,2.3591339502797629e-01,2.5194840506877392e-01,2.4285536063805219e-01,2.6569687912195128e-01,

