1
1
15
0
(8 0
((0,0,0) (7,7,7) (0,0,0))
((8,0,0) (15,7,7) (0,0,0))
((0,8,0) (7,15,7) (0,0,0))
((8,8,0) (15,15,7) (0,0,0))
((0,0,8) (7,7,15) (0,0,0))
((8,0,8) (15,7,15) (0,0,0))
((0,8,8) (7,15,15) (0,0,0))
((8,8,8) (15,15,15) (0,0,0))
)
8
FabOnDisk: Cell_D_00000 0
FabOnDisk: Cell_D_00000 61527
FabOnDisk: Cell_D_00000 123055
FabOnDisk: Cell_D_00000 184583
FabOnDisk: Cell_D_00000 246112
FabOnDisk: Cell_D_00000 307640
FabOnDisk: Cell_D_00000 369169
FabOnDisk: Cell_D_00000 430698

8,15
7.5926677148917446e-02,7.1574492003921786e-01,7.7859477076124024e-03,1.6796905022625822e-02,2.7873421142819991e-02,8.8282170948077876e-01,8.0968098048894710e-03,1.6230730743337300e-02,2.7522120516505204e-02,-3.6253979340842860e-02,-1.1811464440866033e-01,-6.1268255076152883e-02,-6.0558157243510269e-02,-9.3520479877100861e-03,-5.4588207059119709e-04,
7.5227802231654886e-02,4.1410000623955817e-01,7.6006496112255868e-03,1.2487740595529576e-02,2.4338961723171283e-02,7.8419878632982398e-01,6.7484120319630308e-03,1.3606132917967601e-02,2.7165096850727870e-02,-1.2302788606021564e-01,-2.1419515321709093e-01,-1.3493981872966238e-01,-7.8401783372013062e-02,-2.5180225831931843e-02,-2.9398113049642141e-04,
7.5607074981926953e-02,4.3085723635529166e-01,5.9925310632533944e-03,1.4139948274975018e-02,2.4168139331633930e-02,7.8693285283029391e-01,6.7929215262122651e-03,1.6560726692926461e-02,2.4642934385556946e-02,-8.2880310389125328e-02,-1.1521305006636869e-01,-1.2776026952439162e-01,-1.9525622517727192e-01,-7.6917246637416337e-02,-5.7692576523746611e-04,
7.6082296947478562e-02,7.6574474295196829e-02,5.6606009397347883e-03,1.1633174781509903e-02,2.0066086156184833e-02,7.8356771424230742e-01,4.6733082518278634e-03,1.2737718394247187e-02,2.1469857788161340e-02,-2.1325616934517516e-01,-1.6265600434835498e-01,-2.2582217532844806e-01,-2.3624673938205043e-01,-2.2685203567208706e-01,1.4270450649318464e-04,
7.5578270685615123e-02,7.0698822561098718e-01,6.0432559983666524e-03,1.7027018640866011e-02,2.4723202953430161e-02,8.7824340749584884e-01,7.5607815789861949e-03,1.5296434918583341e-02,2.7584040604966043e-02,-3.8195775520226155e-02,-1.2180909029067173e-01,-8.7255030571613268e-04,-6.5123084916713814e-02,-9.1713886055554590e-03,-2.6768127540517096e-02,
7.5047246789156599e-02,3.9367026029092583e-01,6.8146164868623212e-03,1.3727406268973306e-02,2.4447631116594409e-02,7.8461541094513509e-01,6.6555309284270460e-03,1.3343912035448456e-02,2.7025910371157914e-02,-1.2752803408014041e-01,-2.1728717411585913e-01,-5.3486094450598543e-04,-8.3991580335068219e-02,-2.5325834283960888e-02,-8.7699845415409344e-02,
7.5211977414148534e-02,4.2002364248876928e-01,5.7360081876644221e-03,1.3841394369202812e-02,2.2553342233128337e-02,7.8570416900952256e-01,4.2344401154690379e-03,1.4584696535303469e-02,2.3112004235820608e-02,-8.5903997723714667e-02,-1.1592770273072123e-01,-1.0340337688921342e-03,-2.0591137556806718e-01,-8.0689557664666262e-02,-8.2958701743316279e-02,
7.5628321531646225e-02,6.9152980450408949e-02,5.2767237402704401e-03,1.2655909611199990e-02,2.0117372573761449e-02,7.8268296310872587e-01,4.2703352554532229e-03,1.1120288341345328e-02,1.9368769082171253e-02,-2.1754152450677067e-01,-1.5804025694323121e-01,-2.7780795105236678e-04,-2.4516210609824357e-01,-2.3659551155521666e-01,-2.5765051167958286e-01,

8,15
1.6707678944156090e-01,9.6247694227710145e-01,1.1348187712304557e-02,2.0926055068265108e-02,3.1083552105260991e-02,1.0384036194260189e+00,1.3353372997305116e-02,2.0750261108804818e-02,3.1059134435638930e-02,1.1671816098989923e-01,2.9944615462692545e-02,1.8002040040772244e-03,1.1788173698417004e-02,6.1378423914524721e-02,2.5464410114479211e-02,
3.7009878009026581e-01,9.6461006933244908e-01,1.1641512281870815e-02,2.0971197449493408e-02,3.1206505824327303e-02,1.0398378715641039e+00,1.4288265440213166e-02,2.0757574649396832e-02,3.1736106123472309e-02,1.1700928573340946e-01,7.2138362432643169e-02,8.9541684713161096e-04,7.6116223988196091e-02,2.0031635649926077e-01,8.6168940139231848e-02,
3.5607561647500219e-01,9.6335067617343750e-01,1.1974950056935925e-02,2.0832620176137615e-02,3.0522984283064707e-02,1.0389577511553645e+00,1.4005176535427877e-02,2.1526890425233706e-02,3.0770760139096857e-02,2.1507493129137167e-01,1.2366020718681991e-01,1.8694546923436473e-03,3.0605953134833747e-02,7.7246283263756071e-02,7.8798701606178981e-02,
9.8187693348681049e-01,9.6180066239794548e-01,1.1992998561073772e-02,2.0676921912964382e-02,3.0612109170063549e-02,1.0584514077820073e+00,1.4905130399342647e-02,2.2755360918234407e-02,3.1294788605283799e-02,1.6263969749087184e-01,2.1251491059639982e-01,-6.6508641205388630e-04,2.2991881379706780e-01,2.4107959279882940e-01,2.4592992388026574e-01,
1.7125518188486169e-01,9.6371454403429391e-01,1.1747048985837097e-02,2.0286812367970360e-02,3.0867430603295293e-02,1.0392928147199090e+00,1.1912787888798239e-02,2.0612034076496068e-02,3.1675724529355485e-02,1.2299552903764867e-01,2.9604906806418918e-02,6.2284758205942731e-02,1.2461083078648081e-02,6.4602184318714950e-02,2.4984597319206367e-04,
3.9097781936385140e-01,9.6534830987220255e-01,1.2203444969818207e-02,2.0641055539412180e-02,3.0582859732319320e-02,1.0403955566613592e+00,1.2649942078460185e-02,2.0391610775740140e-02,3.2294806647610974e-02,1.2142467072119696e-01,7.2842473000895885e-02,1.2979321717985581e-01,8.1173692882949511e-02,2.1237731333201718e-01,1.4990210212503189e-04,
3.6568052652075322e-01,9.6487492263549346e-01,1.1740053319506010e-02,2.0460703498951030e-02,2.9507670976945722e-02,1.0400887207167964e+00,1.1215714479535841e-02,2.0740026780311623e-02,3.1466710262379072e-02,2.2151421549603328e-01,1.2724399038265594e-01,1.2989978508636837e-01,3.1868676746238833e-02,7.9718119630837581e-02,2.9484319628265629e-04,
1.0118088887987158e+00,9.6347098827695110e-01,1.1641836778928907e-02,2.0082768296411889e-02,2.9123406253354325e-02,1.0809618692491247e+00,1.1593941809750742e-02,2.0486733392608210e-02,3.1589053470832552e-02,1.6391492867791130e-01,2.1699770487525111e-01,2.3291637367938067e-01,2.3898505545953630e-01,2.4728053652390530e-01,7.7699688369910203e-05,

