1
1
15
0
(8 0
((0,0,0) (7,7,7) (0,0,0))
((8,0,0) (15,7,7) (0,0,0))
((0,8,0) (7,15,7) (0,0,0))
((8,8,0) (15,15,7) (0,0,0))
((0,0,8) (7,7,15) (0,0,0))
((8,0,8) (15,7,15) (0,0,0))
((0,8,8) (7,15,15) (0,0,0))
((8,8,8) (15,15,15) (0,0,0))
)
8
FabOnDisk: Cell_D_00000 0
FabOnDisk: Cell_D_00000 61527
FabOnDisk: Cell_D_00000 123055
FabOnDisk: Cell_D_00000 184583
FabOnDisk: Cell_D_00000 246112
FabOnDisk: Cell_D_00000 307640
FabOnDisk: Cell_D_00000 369169
FabOnDisk: Cell_D_00000 430698

8,15
4.0646289772363391e-02,2.8853405812234978e-01,-4.5372662983644329e-03,2.5490603655417311e-03,1.2552203658886039e-02,7.5404526063088051e-01,7.3970167368602570e-03,1.5990838706230328e-02,2.6141567565328042e-02,-1.4380973106049535e-02,-3.6951804198541494e-02,-6.7937611961042588e-02,-1.3268583840734066e-01,-1.5109528291134913e-01,-1.9447787437750788e-01,
4.0972111502978414e-02,2.3348838277909956e-01,9.7352722276090320e-03,1.6564929452578588e-03,1.1612217926552853e-02,7.5246333186284975e-01,-1.3839443625452566e-03,1.5962810821489811e-02,2.6218534497336049e-02,-1.6609061893482402e-01,-4.1347014280074451e-02,-7.6233292814183645e-02,-2.9349351754750730e-02,-1.7348755301448987e-01,-2.1411223061894935e-01,
4.1551795815113340e-02,1.7949145249339679e-01,-1.0794824413844306e-02,1.8169831616014140e-02,9.6352802088618891e-03,7.5249755729172341e-01,7.4106913038421837e-03,9.8675325432301519e-03,2.6442538521765119e-02,-1.8437731358347198e-02,-1.7954115092209547e-01,-8.5777037697278818e-02,-1.7138901028740453e-01,-7.9706073807930905e-02,-2.3302494497172999e-01,
4.1911970692648071e-02,1.3810424763153059e-01,9.3523028326006185e-03,1.8152717763832052e-02,9.5319252390219326e-03,7.5374843819943083e-01,-2.5116200974091884e-03,9.7590904522462281e-03,2.6664766691580695e-02,-1.8679822703674956e-01,-1.9343099147534526e-01,-9.6411624976139157e-02,-3.3531023016739325e-02,-8.4832065772485823e-02,-2.5341306723195378e-01,
4.2269336015156311e-02,1.2725678092042475e-01,-1.2794967525084570e-02,-9.3602697705771898e-04,2.6167806665524894e-02,7.5352846485960345e-01,7.3847791295468196e-03,1.6170215030309326e-02,2.0687029375576940e-02,-2.1082646939346639e-02,-5.3015187055302872e-02,-1.9344854097704633e-01,-1.9385716825802390e-01,-2.2975577192754865e-01,-1.3464799537351871e-01,
4.2637177572724658e-02,9.5715084959715493e-02,8.9932811944618950e-03,-5.7837196048048448e-04,2.6545147227871834e-02,7.5591486469011437e-01,-3.4379571177214569e-03,1.6224858410847275e-02,2.1059898114014076e-02,-1.9920511679971745e-01,-5.9641350868172717e-02,-2.1009444670528490e-01,-3.7444333252316206e-02,-2.5135724970946172e-01,-1.4121625768115759e-01,
4.3306805172840752e-02,6.8444415881329199e-02,-1.3086971299768761e-02,1.9397499031418495e-02,2.7192508104022153e-02,7.5295482821659543e-01,7.3413099090713545e-03,9.6621759274025110e-03,2.2098997875818791e-02,-2.7315208400131866e-02,-2.2098282799416397e-01,-2.2905057946512741e-01,-2.4620405105664514e-01,-9.0667687922555529e-02,-1.4381871146595429e-01,
4.3738219268767836e-02,5.2181153993395443e-02,8.3035493456726749e-03,1.9552209971543066e-02,2.8681215263090445e-02,7.5316370594161275e-01,-4.0709906170482727e-03,9.8203950139848194e-03,2.2767948127154748e-02,-2.3056600814283312e-01,-2.2695888414058812e-01,-2.4357509694245133e-01,-4.1238937030838030e-02,-9.3228791425889079e-02,-1.4694284158541773e-01,

8,15
4.7401712452849154e-01,1.0464853395244580e+00,1.9188076703419387e-02,3.8848831193022383e-02,5.7071873253660942e-02,1.0874867803367947e+00,1.7261766956352908e-02,3.1247836777707667e-02,4.3027182116732156e-02,1.7646376972524394e-01,1.9075317693064131e-01,2.1696561119617833e-01,3.6657470140249297e-03,9.7923946512521037e-03,1.9707290771711770e-02,
5.5194536899212687e-01,1.0446998969103922e+00,3.0078067252247959e-02,3.9681776099635878e-02,5.7852472872251794e-02,1.0860876649776490e+00,1.4867475433831254e-02,3.2011828397932506e-02,4.4165514666233606e-02,2.0605604644490259e-02,2.0570095324765339e-01,2.2350875747502030e-01,1.2291073465039926e-01,1.1196448082622670e-02,2.2781407313577407e-02,
6.4817256484284591e-01,1.0408049515646867e+00,2.0713616743054757e-02,4.6454035367970770e-02,5.8306223589142808e-02,1.0823567473797999e+00,1.8924801326559864e-02,3.0143672027215476e-02,4.4315969137191782e-02,1.9508283537632365e-01,5.7342219433277310e-02,2.3482232732967467e-01,4.8676366306686829e-03,1.4215439580179695e-01,2.6543995198443734e-02,
7.3760097187163598e-01,1.0389058777967954e+00,3.5151133515615822e-02,4.7398998838782694e-02,5.9115541655875022e-02,1.0808178484894435e+00,1.6042791161485589e-02,3.0859005492018775e-02,4.6212609266806801e-02,2.2681061631878281e-02,5.7905807464164918e-02,2.5115664829989093e-01,1.6231946106882814e-01,1.6379954255787202e-01,3.0901724465670084e-02,
7.6797675696400569e-01,1.0360552420687965e+00,2.1636018817081288e-02,4.1466238070973487e-02,5.9404564756041514e-02,1.0783750555993479e+00,1.9529825042842848e-02,3.4402497427118886e-02,4.3339240612953002e-02,2.0713926837846619e-01,2.3171133494449858e-01,9.3003313453411784e-02,5.7339132522790486e-03,1.5234528036454359e-02,1.7289474427859380e-01,
8.5704563700982039e-01,1.0339885470424954e+00,3.6416940825592353e-02,4.2399787520899471e-02,6.0408317208834432e-02,1.0766257246152200e+00,1.5881997379733472e-02,3.6065111322678943e-02,4.4426652047336153e-02,2.4289908826595472e-02,2.3867756547463082e-01,9.3696767115502594e-02,1.8848080268501968e-01,1.7645412185880678e-02,1.9173492567206152e-01,
9.5292619595244032e-01,1.0299757812196806e+00,2.3278294311018938e-02,4.9266949344312840e-02,6.1705655149418427e-02,1.0732825863925213e+00,2.4159434610632233e-02,3.2390843462421895e-02,4.4775121577771380e-02,2.3661103162566494e-01,5.9332429980162429e-02,9.5740634369808009e-02,7.8512225364423399e-03,2.2364514242449968e-01,2.2416147469651621e-01,
1.0205955012146881e+00,1.0276354697153203e+00,3.6600874899564394e-02,4.8830774700915944e-02,6.1984644881003290e-02,1.0727766552080835e+00,1.9616393258435283e-02,3.4280309349919290e-02,4.6299927099385560e-02,2.6601021896123525e-02,6.0287353984079542e-02,9.5312251032037845e-02,2.4206853848666499e-01,2.4462104302752785e-01,2.5289969111736055e-01,

