1
1
15
0
(8 0
((0,0,0) (7,7,7) (0,0,0))
((8,0,0) (15,7,7) (0,0,0))
((0,8,0) (7,15,7) (0,0,0))
((8,8,0) (15,15,7) (0,0,0))
((0,0,8) (7,7,15) (0,0,0))
((8,0,8) (15,7,15) (0,0,0))
((0,8,8) (7,15,15) (0,0,0))
((8,8,8) (15,15,15) (0,0,0))
)
8
FabOnDisk: Cell_D_00000 0
FabOnDisk: Cell_D_00000 61527
FabOnDisk: Cell_D_00000 123055
FabOnDisk: Cell_D_00000 184583
FabOnDisk: Cell_D_00000 246112
FabOnDisk: Cell_D_00000 307640
FabOnDisk: Cell_D_00000 369169
FabOnDisk: Cell_D_00000 430698

8,15
1.1268648202535844e-01,8.8727114938565899e-01,-2.7122341138687078e-05,-2.7122341138677391e-05,-2.7122341138690154e-05,9.9995763141101746e-01,-2.7118658909713521e-05,-2.7118658909716706e-05,-2.7118658909732196e-05,-0.0000000000000000e+00,-0.0000000000000000e+00,0.0000000000000000e+00,-0.0000000000000000e+00,-0.0000000000000000e+00,0.0000000000000000e+00,
1.1268662178686496e-01,8.8727224939238636e-01,-2.0489473132330170e-17,-2.6970542284439183e-05,-2.6970542284463900e-05,9.9995887117925131e-01,-2.3301762974852647e-17,-2.6966860383078719e-05,-2.6966860383124455e-05,-0.0000000000000000e+00,-0.0000000000000000e+00,0.0000000000000000e+00,-0.0000000000000000e+00,-0.0000000000000000e+00,0.0000000000000000e+00,
1.1268662178686496e-01,8.8727224939238636e-01,-2.6970542284464333e-05,-3.1365338154325947e-17,-2.6970542284451940e-05,9.9995887117925131e-01,-2.6966860383091164e-05,-4.8777491305213739e-17,-2.6966860383094206e-05,-0.0000000000000000e+00,-0.0000000000000000e+00,0.0000000000000000e+00,-0.0000000000000000e+00,-0.0000000000000000e+00,0.0000000000000000e+00,
1.1268676012986796e-01,8.8727333823011001e-01,-2.7498768415115511e-17,-3.0606190751430689e-17,-2.6818776925548171e-05,9.9996009835997801e-01,-1.8237269526714102e-17,-3.0683475723058896e-17,-2.6815095351792868e-05,-0.0000000000000000e+00,0.0000000000000000e+00,-0.0000000000000000e+00,-0.0000000000000000e+00,0.0000000000000000e+00,-0.0000000000000000e+00,
1.1268662178686496e-01,8.8727224939238636e-01,-2.6970542284478641e-05,-2.6970542284455406e-05,-2.9017036851231724e-17,9.9995887117925131e-01,-2.6966860383103036e-05,-2.6966860383105499e-05,-3.7197620296779256e-17,-0.0000000000000000e+00,-0.0000000000000000e+00,0.0000000000000000e+00,-0.0000000000000000e+00,-0.0000000000000000e+00,0.0000000000000000e+00,
1.1268676012986793e-01,8.8727333823011001e-01,-1.4309859018258008e-17,-2.6818776925542387e-05,-2.5944819032231811e-17,9.9996009835997790e-01,-3.4013093746154322e-17,-2.6815095351774053e-05,-3.4446599616934691e-17,-0.0000000000000000e+00,0.0000000000000000e+00,-0.0000000000000000e+00,-0.0000000000000000e+00,0.0000000000000000e+00,-0.0000000000000000e+00,
1.1268676012986795e-01,8.8727333823011012e-01,-2.6818776925543905e-05,-1.8573658423310186e-17,-1.6657933166325069e-17,9.9996009835997812e-01,-2.6815095351796340e-05,-3.0250440268766216e-17,-2.3012645459234025e-17,-0.0000000000000000e+00,-0.0000000000000000e+00,-0.0000000000000000e+00,-0.0000000000000000e+00,-0.0000000000000000e+00,-0.0000000000000000e+00,
1.1268689705544907e-01,8.8727441590734790e-01,-2.4391416638544303e-17,-2.7101259929934213e-17,-3.0173757672042355e-17,9.9996131296279700e-01,-1.8526614485359042e-17,-2.2289495328593292e-17,-3.7198307424080226e-17,-0.0000000000000000e+00,0.0000000000000000e+00,-0.0000000000000000e+00,-0.0000000000000000e+00,0.0000000000000000e+00,-0.0000000000000000e+00,

8,15
1.1269437934811970e-01,8.8733329741740719e-01,2.1284369327987270e-17,2.8258782077065180e-17,2.8258175737819439e-17,1.0000276767655270e+00,3.4013137869604432e-17,3.3579741776493310e-17,2.6631455058060422e-17,-0.0000000000000000e+00,-0.0000000000000000e+00,0.0000000000000000e+00,-0.0000000000000000e+00,-0.0000000000000000e+00,0.0000000000000000e+00,
1.1269444813530406e-01,8.8733383858695136e-01,2.7122341138709917e-05,3.1330540518499165e-17,2.3994296997382438e-17,1.0000282867222554e+00,2.7118658909718441e-05,2.6053381961717058e-17,4.0961803465351375e-17,-0.0000000000000000e+00,-0.0000000000000000e+00,0.0000000000000000e+00,-0.0000000000000000e+00,-0.0000000000000000e+00,0.0000000000000000e+00,
1.1269444813530408e-01,8.8733383858695136e-01,2.3597319195231218e-17,2.7122341138686285e-05,1.8971336043823480e-17,1.0000282867222554e+00,3.7920769140948499e-17,2.7118658909728287e-05,2.9816290271413282e-17,-0.0000000000000000e+00,-0.0000000000000000e+00,0.0000000000000000e+00,-0.0000000000000000e+00,-0.0000000000000000e+00,0.0000000000000000e+00,
1.1269451553177701e-01,8.8733436880632199e-01,2.6970542284480559e-05,2.6970542284450781e-05,1.8211775741406754e-17,1.0000288843380991e+00,2.6966860383117943e-05,2.6966860383090442e-05,2.6198504673358451e-17,-0.0000000000000000e+00,0.0000000000000000e+00,-0.0000000000000000e+00,-0.0000000000000000e+00,0.0000000000000000e+00,-0.0000000000000000e+00,
1.1269444813530410e-01,8.8733383858695125e-01,2.8655898967981323e-17,1.8971160919341985e-17,2.7122341138689033e-05,1.0000282867222554e+00,3.4303388170322023e-17,3.4013779942069162e-17,2.7118658909702523e-05,-0.0000000000000000e+00,-0.0000000000000000e+00,0.0000000000000000e+00,-0.0000000000000000e+00,-0.0000000000000000e+00,0.0000000000000000e+00,
1.1269451553177703e-01,8.8733436880632210e-01,2.6970542284468596e-05,2.5909691015024907e-17,2.6970542284454250e-05,1.0000288843380991e+00,2.6966860383087691e-05,2.6921017283378737e-17,2.6966860383101735e-05,-0.0000000000000000e+00,0.0000000000000000e+00,-0.0000000000000000e+00,-0.0000000000000000e+00,0.0000000000000000e+00,-0.0000000000000000e+00,
1.1269451553177703e-01,8.8733436880632210e-01,2.9415293315024940e-17,2.6970542284472065e-05,2.6970542284460434e-05,1.0000288843380991e+00,3.0539086861447311e-17,2.6966860383098983e-05,2.6966860383113163e-05,-0.0000000000000000e+00,-0.0000000000000000e+00,-0.0000000000000000e+00,-0.0000000000000000e+00,-0.0000000000000000e+00,-0.0000000000000000e+00,
1.1269458153860742e-01,8.8733488808393446e-01,2.6818776925559341e-05,2.6818776925544664e-05,2.6818776925529563e-05,1.0000294696225418e+00,2.6815095351837882e-05,2.6815095351807491e-05,2.6815095351810388e-05,-0.0000000000000000e+00,0.0000000000000000e+00,-0.0000000000000000e+00,-0.0000000000000000e+00,0.0000000000000000e+00,-0.0000000000000000e+00,

