1
1
15
0
(8 0
((0,0,0) (7,7,7) (0,0,0))
((8,0,0) (15,7,7) (0,0,0))
((0,8,0) (7,15,7) (0,0,0))
((8,8,0) (15,15,7) (0,0,0))
((0,0,8) (7,7,15) (0,0,0))
((8,0,8) (15,7,15) (0,0,0))
((0,8,8) (7,15,15) (0,0,0))
((8,8,8) (15,15,15) (0,0,0))
)
8
FabOnDisk: Cell_D_00000 0
FabOnDisk: Cell_D_00000 61527
FabOnDisk: Cell_D_00000 123055
FabOnDisk: Cell_D_00000 184583
FabOnDisk: Cell_D_00000 246112
FabOnDisk: Cell_D_00000 307640
FabOnDisk: Cell_D_00000 369169
FabOnDisk: Cell_D_00000 430698

8,15
1.8608739266064361e-02,1.0346379262376493e-01,-3.5916976411693460e-02,-3.5932234085270916e-02,-2.5810128328385737e-02,7.2259816355151463e-01,4.5206085951348778e-03,1.0075420408604664e-02,1.5608272902290833e-02,-1.3170406456496558e-02,-3.1040782257532790e-02,-4.9655891535991731e-02,-1.9794275410025081e-01,-2.0842958526083111e-01,-2.1577775043892095e-01,
1.8567989624630101e-02,8.7766307647050915e-02,-8.9479002691135474e-03,-3.8137829950003060e-02,-3.0321944505857526e-02,7.2373232768602325e-01,-1.9231404189717242e-02,1.0460099721176685e-02,1.6263017220180989e-02,-2.2313188389251742e-01,-3.4064864095498817e-02,-5.4687442337987759e-02,-7.7017885442608736e-03,-2.2287065320222546e-01,-2.3261977970541420e-01,
1.8590943041104119e-02,8.1641356248263394e-02,-5.4612951359080113e-02,-5.4460435094429768e-04,-4.2788405166648995e-02,7.2348444159950276e-01,4.7849131787824082e-03,-1.6406616052161219e-03,1.6745007392069241e-02,-1.5139376187111794e-02,-2.3649553825610020e-01,-5.5691243424084394e-02,-2.1506736954750649e-01,-3.4102053768005042e-02,-2.4020707478712533e-01,
1.8644825527078298e-02,7.0305396744727786e-02,-5.7652109080491998e-03,2.7178717172958275e-03,-4.7755310671720182e-02,7.2654518288837089e-01,-2.0078540474190148e-02,-1.7326996030969169e-03,1.7804739332905668e-02,-2.3647411485676267e-01,-2.4185582855873480e-01,-6.1350192441337506e-02,-1.0458906502816029e-02,-3.5043108861651497e-02,-2.5541708944121888e-01,
1.8569823922726984e-02,7.1901874726591486e-02,-6.4445696541671815e-02,-5.6457368685202146e-02,2.0148366385035208e-03,7.2762873505923165e-01,5.0199422048569781e-03,1.1176621261372989e-02,7.5956650734379802e-03,-1.5787855066514700e-02,-3.5915304439277568e-02,-2.3370104078995796e-01,-2.2427975681627405e-01,-2.4108387801167502e-01,-6.0222518240248081e-02,
1.8649102415926939e-02,6.2781891455558056e-02,-4.0444028354826951e-03,-6.0239423832436891e-02,5.8743755263460217e-03,7.3582475533625702e-01,-1.9603553117865428e-02,1.1991541367607349e-02,8.7136813881997753e-03,-2.4110143587518329e-01,-3.9455360305252346e-02,-2.4591335177716395e-01,-1.3319325691685660e-02,-2.5160232166284258e-01,-6.1043844370406788e-02,
1.8741132033482918e-02,5.9029452590053141e-02,-7.2081875876179813e-02,5.0202184800256008e-03,7.1260115200073304e-03,7.3133415013738368e-01,5.6426554204018235e-03,6.0624352139192032e-04,9.2957465047736471e-03,-1.8049581423248806e-02,-2.4600102167063564e-01,-2.5045185329936415e-01,-2.3671225092892162e-01,-3.4877054212304637e-02,-5.9843503929012748e-02,
1.8928725101082160e-02,5.3110074220777112e-02,2.1057212210826353e-03,9.8381037867774843e-03,1.2220342821298339e-02,7.4052742546945849e-01,-2.0479474455327482e-02,-9.3803172947812263e-05,1.0750700298144220e-02,-2.4951093441760736e-01,-2.4763735826283412e-01,-2.6191920312594030e-01,-1.5589657232640525e-02,-3.5902383376973282e-02,-6.0462859721597768e-02,

8,15
7.7728085880644493e-01,1.1277797471419118e+00,3.6498922336473602e-02,7.1282135038693836e-02,1.0805745837540692e-01,1.1483145055229163e+00,3.0955295781103676e-02,3.4694150239332859e-02,4.7327118179420397e-02,2.2899947827999140e-01,2.4255173232176466e-01,2.4971337834791657e-01,3.8435042807855296e-03,8.9769250925256644e-03,1.5554650574494908e-02,
8.2565076359201472e-01,1.1225022567670200e+00,6.7402860756608521e-02,7.2819327298871861e-02,1.1012250723832984e-01,1.1429316760855566e+00,1.4925804544794521e-02,3.6496358123758454e-02,4.8520470857157071e-02,6.3941420228716718e-03,2.4991939988446316e-01,2.6011157906417459e-01,1.8801186024456223e-01,9.9651199139491643e-03,1.7326041372623238e-02,
8.5219458915494317e-01,1.1151634842052871e+00,3.8924237192026902e-02,9.5763357529815463e-02,1.1111262835668648e-01,1.1352266560343449e+00,3.4990161891701822e-02,2.9717191826592812e-02,5.1970842195175559e-02,2.3429156732690218e-01,2.8351666010328659e-02,2.6373044096219789e-01,4.4709060877638016e-03,2.0309726039049350e-01,1.7901910582928272e-02,
8.9238600232557919e-01,1.1107688573268306e+00,8.3028992245246430e-02,9.7503482375743578e-02,1.1325127938580358e-01,1.1308350740332871e+00,1.5919318542133826e-02,3.0398631523895971e-02,5.3583556798959639e-02,1.0049113733372111e-02,2.8218485364134821e-02,2.7189325925102592e-01,2.1201309225214326e-01,2.1621805646104042e-01,1.9967388629786205e-02,
8.9548086365838842e-01,1.1070473787421953e+00,4.0369720676334292e-02,7.7198765988710519e-02,1.1712134879818817e-01,1.1261025939870266e+00,3.7940656642817212e-02,4.2759707064752975e-02,4.5203738525600591e-02,2.3537970276722825e-01,2.5497769498628819e-01,4.7589373461073392e-02,4.6043475476799968e-03,1.0927567012834580e-02,2.0961089583106679e-01,
9.3062446580199465e-01,1.1033303169409627e+00,9.0607442044873587e-02,7.8932572623253622e-02,1.1773880090499594e-01,1.1224362040907903e+00,1.8863937369043605e-02,4.6791080006459283e-02,4.6218921496674122e-02,1.1366871310162577e-02,2.5857767731527848e-01,4.6983242711416254e-02,2.2752732143977719e-01,1.2161089427352768e-02,2.2696105789964682e-01,
9.4889710792163540e-01,1.0981016897340645e+00,4.3044620709730086e-02,1.0385524049584091e-01,1.2012075017059790e-01,1.1168428217675475e+00,4.4348272514638208e-02,3.6388662671978080e-02,5.0194408489875032e-02,2.4231795512741322e-01,2.7891501936417325e-02,4.6605994442278156e-02,5.3980814602504062e-03,2.3623528043924380e-01,2.3590157785665222e-01,
9.7399736329754416e-01,1.0957102778061429e+00,9.6055830014131122e-02,1.0446604324069467e-01,1.2078446664924317e-01,1.1146390029072251e+00,2.2300429166872530e-02,3.7607906118658448e-02,5.1735672914547448e-02,1.2505096928798969e-02,2.8907026130793413e-02,4.5441027126235135e-02,2.4971638268996990e-01,2.4483194193908112e-01,2.5587811391572562e-01,

