1
1
15
0
(8 0
((0,0,0) (7,7,7) (0,0,0))
((8,0,0) (15,7,7) (0,0,0))
((0,8,0) (7,15,7) (0,0,0))
((8,8,0) (15,15,7) (0,0,0))
((0,0,8) (7,7,15) (0,0,0))
((8,0,8) (15,7,15) (0,0,0))
((0,8,8) (7,15,15) (0,0,0))
((8,8,8) (15,15,15) (0,0,0))
)
8
FabOnDisk: Cell_D_00000 0
FabOnDisk: Cell_D_00000 61527
FabOnDisk: Cell_D_00000 123055
FabOnDisk: Cell_D_00000 184583
FabOnDisk: Cell_D_00000 246112
FabOnDisk: Cell_D_00000 307640
FabOnDisk: Cell_D_00000 369169
FabOnDisk: Cell_D_00000 430698

8,15
0.0000000000000000e+00,0.0000000000000000e+00,-5.5555555555555552e-02,-2.7777777777777776e-02,0.0000000000000000e+00,9.9999999999999933e-01,-8.2239958985446920e-02,-4.1109919354135917e-02,0.0000000000000000e+00,-1.6666666666666666e-01,-8.3333333333333329e-02,-0.0000000000000000e+00,-1.6665405189294186e-01,-8.3320828558510085e-02,-0.0000000000000000e+00,
0.0000000000000000e+00,0.0000000000000000e+00,-8.3332424464507393e-02,-2.7777777777777776e-02,0.0000000000000000e+00,9.9999999999999933e-01,-5.5555555555555552e-02,-4.1432592177130273e-02,0.0000000000000000e+00,-1.6666666666666666e-01,-8.3333333333333329e-02,-0.0000000000000000e+00,-1.6666666666666666e-01,-8.3330644926416758e-02,-0.0000000000000000e+00,
0.0000000000000000e+00,0.0000000000000000e+00,-5.5555555555555552e-02,-4.1666102233296747e-02,0.0000000000000000e+00,9.9999999999999933e-01,-8.2771500965066955e-02,-2.7777777777777780e-02,0.0000000000000000e+00,-1.6666666666666666e-01,-8.3333333333333329e-02,-0.0000000000000000e+00,-1.6665347353734700e-01,-8.3333333333333329e-02,-0.0000000000000000e+00,
0.0000000000000000e+00,0.0000000000000000e+00,-8.3227017311134965e-02,-4.1666230563695776e-02,0.0000000000000000e+00,9.9999999999999933e-01,-5.5555555555555559e-02,-2.7777777777777780e-02,0.0000000000000000e+00,-1.6666666666666666e-01,-8.3333333333333329e-02,-0.0000000000000000e+00,-1.6666666666666666e-01,-8.3333333333333329e-02,-0.0000000000000000e+00,
0.0000000000000000e+00,0.0000000000000000e+00,-5.5555555555555552e-02,-2.7777777777777776e-02,0.0000000000000000e+00,9.9999999999999933e-01,-8.2771500965066955e-02,-4.1665974957210541e-02,0.0000000000000000e+00,-1.6666666666666666e-01,-8.3333333333333329e-02,-0.0000000000000000e+00,-1.6665347353734705e-01,-8.3333223973356491e-02,-0.0000000000000000e+00,
0.0000000000000000e+00,0.0000000000000000e+00,-8.3227017311134965e-02,-2.7777777777777776e-02,0.0000000000000000e+00,9.9999999999999933e-01,-5.5555555555555559e-02,-4.1666063464414572e-02,0.0000000000000000e+00,-1.6666666666666666e-01,-8.3333333333333329e-02,-0.0000000000000000e+00,-1.6666666666666666e-01,-8.3333323950937815e-02,-0.0000000000000000e+00,
0.0000000000000000e+00,0.0000000000000000e+00,-5.5555555555555552e-02,-4.1560605496733988e-02,0.0000000000000000e+00,9.9999999999999933e-01,-8.3326446381669098e-02,-4.1631046670120644e-02,0.0000000000000000e+00,-1.6666666666666666e-01,-8.3333333333333329e-02,-0.0000000000000000e+00,-1.6666644697328459e-01,-8.3333333333333329e-02,-0.0000000000000000e+00,
0.0000000000000000e+00,0.0000000000000000e+00,-8.3122011912766552e-02,-4.1560405280281085e-02,0.0000000000000000e+00,9.9999999999999933e-01,-8.2302297669783100e-02,-4.1631046670120644e-02,0.0000000000000000e+00,-1.6666666666666666e-01,-8.3333333333333329e-02,-0.0000000000000000e+00,-1.6666666666666666e-01,-8.3333333333333329e-02,-0.0000000000000000e+00,

8,15
1.0000000000000002e+00,1.0000000000000002e+00,1.6663517591730811e-01,2.0725475767084842e-01,2.3680839001204723e-01,1.0000000000000007e+00,1.1111111111111112e-01,1.3888888887994139e-01,1.6666663000029691e-01,3.3333333333333331e-01,4.1666666666666674e-01,5.0000000000000011e-01,3.3333333333333331e-01,4.1666666661298146e-01,4.9999978000178147e-01,
1.0000000000000002e+00,1.0000000000000002e+00,1.1111111111111110e-01,2.0819678254979357e-01,2.4892113736361665e-01,1.0000000000000007e+00,1.6557209131022713e-01,1.3888888888888890e-01,1.6666666665771915e-01,3.3333333333333331e-01,4.1666666666666674e-01,5.0000000000000011e-01,3.3333311468100396e-01,4.1666666666666663e-01,4.9999999994631478e-01,
1.0000000000000002e+00,1.0000000000000002e+00,1.6653017051893967e-01,1.3888888888888892e-01,2.4892113736361671e-01,1.0000000000000007e+00,1.1111111111111110e-01,1.9052231556116012e-01,1.6666666665771912e-01,3.3333333333333331e-01,4.1666666666666674e-01,5.0000000000000011e-01,3.3333333333333331e-01,4.1666575779692983e-01,4.9999999994631472e-01,
1.0000000000000002e+00,1.0000000000000002e+00,1.1111111111111110e-01,1.3888888888888892e-01,2.4975838918227902e-01,1.0000000000000007e+00,1.6610363328984717e-01,2.0723870299072278e-01,1.6666666666666663e-01,3.3333333333333331e-01,4.1666666666666674e-01,5.0000000000000011e-01,3.3332035864241094e-01,4.1666655728701296e-01,4.9999999999999989e-01,
1.0000000000000002e+00,1.0000000000000002e+00,1.6653017051893967e-01,2.0725447095326166e-01,1.6666666666666671e-01,1.0000000000000007e+00,1.1111111111111110e-01,1.3888888887997597e-01,2.3218898220330531e-01,3.3333333333333331e-01,4.1666666666666674e-01,5.0000000000000011e-01,3.3333333333333331e-01,4.1666666661318913e-01,4.9999999999296929e-01,
1.0000000000000002e+00,1.0000000000000002e+00,1.1111111111111110e-01,2.0809177715142516e-01,1.6666666666666671e-01,1.0000000000000007e+00,1.6610363328984717e-01,1.3888888888888890e-01,2.3218898220330531e-01,3.3333333333333331e-01,4.1666666666666674e-01,5.0000000000000011e-01,3.3332035864241100e-01,4.1666666666666663e-01,4.9999999999999956e-01,
1.0000000000000002e+00,1.0000000000000002e+00,1.6642516512057126e-01,1.3888888888888892e-01,1.6666666666666671e-01,1.0000000000000007e+00,1.1111111111111112e-01,1.9437094940770194e-01,2.3218898220330531e-01,3.3333333333333331e-01,4.1666666666666674e-01,5.0000000000000011e-01,3.3333333333333331e-01,4.1665369199258628e-01,4.9999999999999956e-01,
1.0000000000000002e+00,1.0000000000000002e+00,1.1111111111111110e-01,1.3888888888888892e-01,1.6666666666666671e-01,1.0000000000000007e+00,1.6663517526946720e-01,2.0777024497034280e-01,2.4890531467121840e-01,3.3333333333333331e-01,4.1666666666666674e-01,5.0000000000000011e-01,3.3333289468322269e-01,4.1665369199258617e-01,5.0000000000000011e-01,

