1
1
15
0
(8 0
((0,0,0) (7,7,7) (0,0,0))
((8,0,0) (15,7,7) (0,0,0))
((0,8,0) (7,15,7) (0,0,0))
((8,8,0) (15,15,7) (0,0,0))
((0,0,8) (7,7,15) (0,0,0))
((8,0,8) (15,7,15) (0,0,0))
((0,8,8) (7,15,15) (0,0,0))
((8,8,8) (15,15,15) (0,0,0))
)
8
FabOnDisk: Cell_D_00000 0
FabOnDisk: Cell_D_00000 61527
FabOnDisk: Cell_D_00000 123055
FabOnDisk: Cell_D_00000 184583
FabOnDisk: Cell_D_00000 246112
FabOnDisk: Cell_D_00000 307640
FabOnDisk: Cell_D_00000 369169
FabOnDisk: Cell_D_00000 430698

8,15
1.1269085114083453e-01,8.8730553329665729e-01,-2.4143558787003312e-07,-2.4143558790136339e-07,-2.4143558790331427e-07,9.9999638443749184e-01,-2.4143560427018536e-07,-2.4143560429406550e-07,-2.4143560428306508e-07,-0.0000000000000000e+00,-0.0000000000000000e+00,0.0000000000000000e+00,-0.0000000000000000e+00,-0.0000000000000000e+00,0.0000000000000000e+00,
1.1269084000878958e-01,8.8730544564513492e-01,-1.7417429389440005e-17,-2.4110926787237666e-07,-2.4110926787895344e-07,9.9999628565392451e-01,-3.0539332359369035e-17,-2.4110928427662488e-07,-2.4110928428067719e-07,-0.0000000000000000e+00,-0.0000000000000000e+00,0.0000000000000000e+00,-0.0000000000000000e+00,-0.0000000000000000e+00,0.0000000000000000e+00,
1.1269084000878957e-01,8.8730544564513492e-01,-2.4110926787935054e-07,-2.2802627485304394e-17,-2.4110926786850995e-07,9.9999628565392451e-01,-2.4110928427329536e-07,-3.0828375582627541e-17,-2.4110928427271715e-07,-0.0000000000000000e+00,-0.0000000000000000e+00,0.0000000000000000e+00,-0.0000000000000000e+00,-0.0000000000000000e+00,0.0000000000000000e+00,
1.1269082888151855e-01,8.8730535803120136e-01,-2.8620217841910794e-17,-3.9460896355278970e-17,-2.4078295038543083e-07,9.9999618691271985e-01,-3.6909287159567012e-17,-3.7632063454360884e-17,-2.4078296680311972e-07,-0.0000000000000000e+00,0.0000000000000000e+00,-0.0000000000000000e+00,-0.0000000000000000e+00,0.0000000000000000e+00,-0.0000000000000000e+00,
1.1269084000878958e-01,8.8730544564513492e-01,-2.4110926785499432e-07,-2.4110926785073047e-07,-2.0489702768503673e-17,9.9999628565392451e-01,-2.4110928424608569e-07,-2.4110928424955975e-07,-3.3724248604099592e-17,-0.0000000000000000e+00,-0.0000000000000000e+00,0.0000000000000000e+00,-0.0000000000000000e+00,-0.0000000000000000e+00,0.0000000000000000e+00,
1.1269082888151853e-01,8.8730535803120136e-01,-1.9730430599591390e-17,-2.4078295040125954e-07,-2.1646211809888323e-17,9.9999618691271985e-01,-3.0394793217288041e-17,-2.4078296683727759e-07,-3.4447022133911820e-17,-0.0000000000000000e+00,0.0000000000000000e+00,-0.0000000000000000e+00,-0.0000000000000000e+00,-0.0000000000000000e+00,-0.0000000000000000e+00,
1.1269082888151853e-01,8.8730535803120136e-01,-2.4078295039316418e-07,-2.4391413520502347e-17,-1.9730438353407526e-17,9.9999618691271985e-01,-2.4078296681093529e-07,-3.7632025817515920e-17,-1.8960592186268128e-17,-0.0000000000000000e+00,-0.0000000000000000e+00,-0.0000000000000000e+00,-0.0000000000000000e+00,-0.0000000000000000e+00,-0.0000000000000000e+00,
1.1269081775902152e-01,8.8730527045485708e-01,-2.1284109765010721e-17,-3.0571079878643265e-17,-2.5910024626408039e-17,9.9999608821387864e-01,-3.0683914380499529e-17,-3.4158002224047623e-17,-2.3591144816031402e-17,-0.0000000000000000e+00,-0.0000000000000000e+00,-0.0000000000000000e+00,-0.0000000000000000e+00,0.0000000000000000e+00,-0.0000000000000000e+00,

8,15
1.1269170435097196e-01,8.8731225130470182e-01,3.2124704551767245e-17,2.6704351775424603e-17,2.1284045709691752e-17,1.0000039556556737e+00,1.7948638496227964e-17,2.6776055636365445e-17,2.2868257279150010e-17,-0.0000000000000000e+00,-0.0000000000000000e+00,0.0000000000000000e+00,-0.0000000000000000e+00,-0.0000000000000000e+00,0.0000000000000000e+00,
1.1269169297754852e-01,8.8731216175261329e-01,2.4143558788087372e-07,2.7101529892085019e-17,4.7988325177787059e-17,1.0000038547301617e+00,2.4143560427076362e-07,3.0394735595398016e-17,3.0539221228119936e-17,-0.0000000000000000e+00,-0.0000000000000000e+00,0.0000000000000000e+00,-0.0000000000000000e+00,-0.0000000000000000e+00,0.0000000000000000e+00,
1.1269169297754852e-01,8.8731216175261329e-01,2.3199875546555438e-17,2.4143558786652863e-07,1.8573909266713616e-17,1.0000038547301617e+00,2.6342441953022982e-17,2.4143560428480441e-07,2.2579178917352553e-17,-0.0000000000000000e+00,-0.0000000000000000e+00,0.0000000000000000e+00,-0.0000000000000000e+00,-0.0000000000000000e+00,0.0000000000000000e+00,
1.1269168160889774e-01,8.8731207223810293e-01,2.4110926786890716e-07,2.4110926787313586e-07,2.4753547209455621e-17,1.0000037538470006e+00,2.4110928426533531e-07,2.4110928428776988e-07,3.0828327920892816e-17,-0.0000000000000000e+00,0.0000000000000000e+00,-0.0000000000000000e+00,-0.0000000000000000e+00,0.0000000000000000e+00,-0.0000000000000000e+00,
1.1269169297754852e-01,8.8731216175261318e-01,2.6669299840254114e-17,1.8971095602813802e-17,2.4143558788127092e-07,1.0000038547301617e+00,4.1539792753377901e-17,1.8960556041603782e-17,2.4143560426338173e-07,-0.0000000000000000e+00,-0.0000000000000000e+00,0.0000000000000000e+00,-0.0000000000000000e+00,-0.0000000000000000e+00,0.0000000000000000e+00,
1.1269168160889773e-01,8.8731207223810304e-01,2.4110926785340555e-07,2.3597072993394589e-17,2.4110926787241176e-07,1.0000037538470008e+00,2.4110928427561300e-07,2.6197849750351480e-17,2.4110928425071621e-07,-0.0000000000000000e+00,0.0000000000000000e+00,-0.0000000000000000e+00,-0.0000000000000000e+00,-0.0000000000000000e+00,-0.0000000000000000e+00,
1.1269168160889773e-01,8.8731207223810304e-01,1.9333202129960600e-17,2.4110926785727215e-07,2.4110926786850995e-07,1.0000037538470008e+00,3.3435148815216622e-17,2.4110928427952073e-07,2.4110928427271710e-07,-0.0000000000000000e+00,-0.0000000000000000e+00,-0.0000000000000000e+00,-0.0000000000000000e+00,-0.0000000000000000e+00,-0.0000000000000000e+00,
1.1269167024501960e-01,8.8731198276117151e-01,2.4078295039974092e-07,2.4078295038503367e-07,2.4078295038503373e-07,1.0000036530061911e+00,2.4078296681498755e-07,2.4078296681050156e-07,2.4078296681050161e-07,-0.0000000000000000e+00,-0.0000000000000000e+00,-0.0000000000000000e+00,-0.0000000000000000e+00,0.0000000000000000e+00,-0.0000000000000000e+00,

