1
1
15
0
(8 0
((0,0,0) (1,1,1) (0,0,0))
((2,0,0) (3,1,1) (0,0,0))
((0,2,0) (1,3,1) (0,0,0))
((2,2,0) (3,3,1) (0,0,0))
((0,0,2) (1,1,3) (0,0,0))
((2,0,2) (3,1,3) (0,0,0))
((0,2,2) (1,3,3) (0,0,0))
((2,2,2) (3,3,3) (0,0,0))
)
8
FabOnDisk: Cell_D_00000 0
FabOnDisk: Cell_D_00000 1047
FabOnDisk: Cell_D_00000 2094
FabOnDisk: Cell_D_00000 3141
FabOnDisk: Cell_D_00000 4188
FabOnDisk: Cell_D_00000 5235
FabOnDisk: Cell_D_00000 6282
FabOnDisk: Cell_D_00000 7329

8,15
0.00000000000000000e+00,9.99976085846216445e-01,-6.42311306364862222e-01,0.00000000000000000e+00,0.00000000000000000e+00,9.99999999999999445e-01,-2.91764968919344416e-05,-2.85219068552453740e-05,-2.99788387623116402e-05,-2.22222222219104204e-01,-1.11111111111111105e-01,-0.00000000000000000e+00,-3.11786399167759701e-12,-1.55893199583879850e-12,-0.00000000000000000e+00,
2.22044604925031357e-16,9.86403743473234229e-01,-7.14266423341635709e+03,-1.57113410273732552e+04,-2.94836060588246255e+03,9.99999999999999445e-01,-4.99068888497235176e-04,-4.32180322639352289e+115,-9.97364096826503476e+116,-2.22222222219104204e-01,-1.11111111109552102e-01,-0.00000000000000000e+00,-3.11786399167759701e-12,-1.11323123558943527e-10,-0.00000000000000000e+00,
2.22044604925031357e-16,9.86403743473234229e-01,0.00000000000000000e+00,-1.26235150164236111e+04,-1.17256783531615511e+04,9.99999999999999445e-01,-7.57444605193707127e-04,-2.56234222429621908e-04,-2.19667553820949850e-05,-2.20711527051022538e-01,-1.11111111111111105e-01,-0.00000000000000000e+00,-1.51069517119960294e-03,-1.55893199583879850e-12,-0.00000000000000000e+00,
1.40303879625491878e-11,1.79862099620915553e-02,-3.17106322727759944e+04,-1.41408932776771489e+04,-7.05473739527982535e-01,9.99999999999999445e-01,-1.88323460778341729e-02,-1.68342491776086872e-02,-5.54753571623297408e-05,-2.20711527051022538e-01,-1.11111111109552102e-01,-0.00000000000000000e+00,-1.51069517119960294e-03,-1.11323123558943527e-10,-0.00000000000000000e+00,
2.22044604925031357e-16,9.86403743473234229e-01,-7.44640939717335095e+03,-4.23151962761539471e+04,-2.89451309542274466e+04,9.99999999999999445e-01,-7.55106750705470840e-04,-6.92911730225229724e-04,-1.56040138209756462e-05,-2.20711527051022538e-01,-1.11111110999788057e-01,-0.00000000000000000e+00,-1.51069517119960294e-03,-1.51069516964067092e-03,-0.00000000000000000e+00,
1.40303879625491878e-11,1.79862099620915553e-02,-7.39961856104788458e+04,-1.73806788390006406e+00,-3.55391662587393648e+03,9.99999999999999445e-01,-1.64689410981021522e-02,-5.45625257598642902e-02,-2.13174760773041094e-03,-2.20711527051022538e-01,-1.09600415941470464e-01,-0.00000000000000000e+00,-1.51069517119960294e-03,-1.09112643337545404e-01,-0.00000000000000000e+00,
1.40303879625491878e-11,1.79862099620915553e-02,-5.52584640347990717e+04,-5.66746156006923411e+04,-3.06295373500869428e+04,9.99999999999999445e-01,-5.45429911030329284e-02,-1.47574772391579918e-03,-3.52294294029897257e-05,-2.19200831882940927e-01,-1.11111110999788057e-01,-0.00000000000000000e+00,-1.09112643337545404e-01,-1.51069516964067092e-03,-0.00000000000000000e+00,
2.39141537830556308e-05,3.77513575955390350e-11,-6.99947283074277976e-02,-1.13142345669622690e+00,-1.69642377819005929e+00,9.99999999999999556e-01,-3.76936764092621335e-02,-3.87185294335360350e-02,-2.25947992225636801e-05,-2.19200831882940927e-01,-1.09600415941470464e-01,-0.00000000000000000e+00,-1.09112643337545404e-01,-1.09112643337545404e-01,-0.00000000000000000e+00,

8,15
2.39141537830556308e-05,1.00000000000000022e+00,0.00000000000000000e+00,5.94511741996862408e-01,3.95667383713848436e-02,1.00000000000000022e+00,4.96733485592312592e-05,1.18116613280146886e-05,8.15158412203950542e-06,4.44444444441326358e-01,4.44444444442885445e-01,4.44444444444444420e-01,3.11791333492313640e-12,3.11791333492313640e-12,3.11791333492313640e-12,
1.35962565267660398e-02,1.00000000000000000e+00,3.86680594129932387e-01,2.06397354588098278e+03,3.90128195344951237e+04,1.00000000000000067e+00,1.91178222478221193e+115,9.88045275217583861e-04,7.12833707175390296e-01,4.41423053882517014e-01,4.44444444330003352e-01,4.44444444442884556e-01,3.02139056192758920e-03,2.24205974773560138e-10,2.24205974773560138e-10,
1.35962565267660398e-02,1.00000000000000000e+00,2.97471789393197396e+04,1.37116774108122772e+04,6.91669727221126868e+03,1.00000000000000067e+00,7.84376008551720461e-04,1.49479116288773746e-03,9.77925429916254004e-04,4.44444444330003352e-01,4.42933749052156822e-01,4.44444444442884556e-01,2.22647042777721351e-10,3.02139056192758920e-03,2.24205974773560138e-10,
9.82013790037908785e-01,9.99999999985969001e-01,1.77591832214500500e+04,1.05260469852402184e+04,9.59614064417166810e+03,1.00000000000000067e+00,1.08849107093109895e-01,1.09853894869835947e-01,7.24028627583576112e-02,3.33333320606780337e-01,3.33333320606780337e-01,4.44444444218680346e-01,2.18225299178997717e-01,2.19735994348638386e-01,2.52304600422013910e-08,
1.35962565267660398e-02,1.00000000000000000e+00,6.07833965093138584e-01,5.11992761135639194e+03,1.55742963031992895e+04,1.00000000000000067e+00,7.54168784121766263e-04,7.85154827086268761e-04,1.48350961457277553e-03,4.44444444330003352e-01,4.44444444442884556e-01,4.44444444221796631e-01,2.22647042777721351e-10,2.22647042777721351e-10,3.02139056192758920e-03,
9.82013790037908785e-01,9.99999999985969001e-01,4.56797968931315412e-01,6.19227453070473985e+03,1.85642377126993779e+04,1.00000000000000067e+00,1.08896622346935590e-01,5.29893230467060258e-02,1.09869798489833817e-01,3.33333320606780337e-01,4.44444444218680346e-01,4.42933736548250856e-01,2.18225299178997717e-01,2.51191369186424478e-08,2.19735994348638386e-01,
9.82013790037908785e-01,9.99999999985969001e-01,3.67979208908760199e+02,6.07790653662888053e+03,1.10531445110806814e-01,1.00000000000000067e+00,3.62669637254619398e-02,1.08889216795375221e-01,1.09893121758223689e-01,4.44444444218680346e-01,4.42933736548250856e-01,4.42933736548250856e-01,2.50078137950835080e-08,2.18225299178997717e-01,2.19735994348638386e-01,
9.99999999962249309e-01,9.99976085846216445e-01,2.79215978251533103e+00,9.04210189053216151e-02,9.52825459043050577e-02,1.00000000000000067e+00,1.63927363180303182e-01,1.64960107437150033e-01,1.64940082514712955e-01,2.23197767430072358e-01,2.23197767430072358e-01,2.23197767430072358e-01,3.29336397782007406e-01,3.31334865551378588e-01,4.40447508888923978e-01,

