1
1
15
0
(8 0
((0,0,0) (7,7,7) (0,0,0))
((8,0,0) (15,7,7) (0,0,0))
((0,8,0) (7,15,7) (0,0,0))
((8,8,0) (15,15,7) (0,0,0))
((0,0,8) (7,7,15) (0,0,0))
((8,0,8) (15,7,15) (0,0,0))
((0,8,8) (7,15,15) (0,0,0))
((8,8,8) (15,15,15) (0,0,0))
)
8
FabOnDisk: Cell_D_00000 0
FabOnDisk: Cell_D_00000 61527
FabOnDisk: Cell_D_00000 123055
FabOnDisk: Cell_D_00000 184583
FabOnDisk: Cell_D_00000 246112
FabOnDisk: Cell_D_00000 307640
FabOnDisk: Cell_D_00000 369169
FabOnDisk: Cell_D_00000 430698

8,15
1.1261412598235504e-01,8.8667906825195320e-01,-1.9731188545068827e-17,-2.3995953793091320e-17,-3.0572281571141520e-17,9.9929319423430818e-01,-2.3153702979161161e-17,-3.3441023323007700e-17,-2.5904514697406700e-17,-0.0000000000000000e+00,0.0000000000000000e+00,-0.0000000000000000e+00,-0.0000000000000000e+00,0.0000000000000000e+00,-0.0000000000000000e+00,
1.1261036181478706e-01,8.8664880302909677e-01,-3.0842377055671576e-04,-2.3200737551028607e-17,-2.9780937472425229e-17,9.9925916484388377e-01,-3.1725701224294043e-04,-4.1396384495693804e-17,-4.1262081647588447e-17,-0.0000000000000000e+00,-0.0000000000000000e+00,-0.0000000000000000e+00,-0.0000000000000000e+00,-0.0000000000000000e+00,-0.0000000000000000e+00,
1.1261036181478706e-01,8.8664880302909677e-01,-2.7457634806307501e-17,-3.0842377055670297e-04,-1.7416659421681108e-17,9.9925916484388377e-01,-2.6771774388289286e-17,-3.1725701224292492e-04,-4.1240185272102713e-17,-0.0000000000000000e+00,-0.0000000000000000e+00,-0.0000000000000000e+00,-0.0000000000000000e+00,0.0000000000000000e+00,-0.0000000000000000e+00,
1.1260645984290248e-01,8.8661745156431881e-01,-3.1301780078710981e-04,-3.1301780078708705e-04,-1.8575240396544817e-17,9.9922391140722133e-01,-3.2185821043642708e-04,-3.2185821043639618e-04,-5.2531725576934586e-17,-0.0000000000000000e+00,-0.0000000000000000e+00,0.0000000000000000e+00,-0.0000000000000000e+00,-0.0000000000000000e+00,0.0000000000000000e+00,
1.1261036181478706e-01,8.8664880302909665e-01,-1.8967753601739954e-17,-2.0883501645826457e-17,-3.0842377055669755e-04,9.9925916484388377e-01,-2.9821744727087151e-17,-2.6048733762088236e-17,-3.1725701224292465e-04,-0.0000000000000000e+00,0.0000000000000000e+00,-0.0000000000000000e+00,-0.0000000000000000e+00,0.0000000000000000e+00,-0.0000000000000000e+00,
1.1260645984290248e-01,8.8661745156431893e-01,-3.1301780078708396e-04,-2.6307049269433352e-17,-3.1301780078710098e-04,9.9922391140722144e-01,-3.2185821043640350e-04,-4.8920870945060294e-17,-3.2185821043641543e-04,-0.0000000000000000e+00,-0.0000000000000000e+00,0.0000000000000000e+00,-0.0000000000000000e+00,-0.0000000000000000e+00,0.0000000000000000e+00,
1.1260645984290248e-01,8.8661745156431893e-01,-3.0538179741527716e-17,-3.1301780078708352e-04,-3.1301780078707653e-04,9.9922391140722144e-01,-4.1679412325005421e-17,-3.2185821043641087e-04,-3.2185821043641418e-04,-0.0000000000000000e+00,-0.0000000000000000e+00,0.0000000000000000e+00,-0.0000000000000000e+00,-0.0000000000000000e+00,0.0000000000000000e+00,
1.1260241955170158e-01,8.8658500985972255e-01,-3.1760003377613171e-04,-3.1760003377611631e-04,-3.1760003377612092e-04,9.9918742941142413e-01,-3.2644762070821508e-04,-3.2644762070817350e-04,-3.2644762070818852e-04,-0.0000000000000000e+00,-0.0000000000000000e+00,0.0000000000000000e+00,-0.0000000000000000e+00,-0.0000000000000000e+00,0.0000000000000000e+00,

8,15
1.1271649794204239e-01,8.8751613811949071e-01,3.0842377055670145e-04,3.0842377055668866e-04,3.0842377055671847e-04,1.0002326360615330e+00,3.1725701224292856e-04,3.1725701224291305e-04,3.1725701224294059e-04,-0.0000000000000000e+00,0.0000000000000000e+00,-0.0000000000000000e+00,-0.0000000000000000e+00,0.0000000000000000e+00,-0.0000000000000000e+00,
1.1271936440843690e-01,8.8753813684953053e-01,2.2846887838917310e-17,3.1301780078708233e-04,3.1301780078709751e-04,1.0002575012579675e+00,3.0387667428357847e-17,3.2185821043640702e-04,3.2185821043640420e-04,-0.0000000000000000e+00,-0.0000000000000000e+00,-0.0000000000000000e+00,-0.0000000000000000e+00,-0.0000000000000000e+00,-0.0000000000000000e+00,
1.1271936440843690e-01,8.8753813684953053e-01,3.1301780078708157e-04,2.5563798769696994e-17,3.1301780078709903e-04,1.0002575012579675e+00,3.2185821043642182e-04,2.2140179975927015e-17,3.2185821043642648e-04,-0.0000000000000000e+00,-0.0000000000000000e+00,-0.0000000000000000e+00,-0.0000000000000000e+00,0.0000000000000000e+00,-0.0000000000000000e+00,
1.1271894933744984e-01,8.8753426570391458e-01,2.5160812104546629e-17,2.2837432420056905e-17,3.1760003377611013e-04,1.0002532150413643e+00,2.3309338887121428e-17,3.4329206413235391e-17,3.2644762070816206e-04,-0.0000000000000000e+00,-0.0000000000000000e+00,0.0000000000000000e+00,-0.0000000000000000e+00,-0.0000000000000000e+00,0.0000000000000000e+00,
1.1271936440843688e-01,8.8753813684953065e-01,3.1301780078708819e-04,3.1301780078707886e-04,2.6303923814066105e-17,1.0002575012579675e+00,3.2185821043639998e-04,3.2185821043639575e-04,2.5762175246020625e-17,-0.0000000000000000e+00,0.0000000000000000e+00,-0.0000000000000000e+00,-0.0000000000000000e+00,0.0000000000000000e+00,-0.0000000000000000e+00,
1.1271894933744983e-01,8.8753426570391447e-01,2.5127700834886196e-17,3.1760003377611474e-04,3.0171375633112834e-17,1.0002532150413643e+00,3.8373689440369886e-17,3.2644762070817708e-04,4.1282780297001066e-17,-0.0000000000000000e+00,-0.0000000000000000e+00,0.0000000000000000e+00,-0.0000000000000000e+00,-0.0000000000000000e+00,0.0000000000000000e+00,
1.1271894933744984e-01,8.8753426570391447e-01,3.1760003377610964e-04,2.3628195235903492e-17,2.0124449555629214e-17,1.0002532150413643e+00,3.2644762070819535e-04,3.7344231125177167e-17,2.5904871948677754e-17,-0.0000000000000000e+00,-0.0000000000000000e+00,0.0000000000000000e+00,-0.0000000000000000e+00,-0.0000000000000000e+00,0.0000000000000000e+00,
1.1271839661851847e-01,8.8752930989543444e-01,2.4391075486164253e-17,2.1687749774938568e-17,1.6260292413509920e-17,1.0002477065139530e+00,1.9119329941877348e-17,3.3722940068393572e-17,4.7635557161666865e-17,-0.0000000000000000e+00,-0.0000000000000000e+00,0.0000000000000000e+00,-0.0000000000000000e+00,-0.0000000000000000e+00,0.0000000000000000e+00,

