1
1
15
0
(8 0
((0,0,0) (7,7,7) (0,0,0))
((8,0,0) (15,7,7) (0,0,0))
((0,8,0) (7,15,7) (0,0,0))
((8,8,0) (15,15,7) (0,0,0))
((0,0,8) (7,7,15) (0,0,0))
((8,0,8) (15,7,15) (0,0,0))
((0,8,8) (7,15,15) (0,0,0))
((8,8,8) (15,15,15) (0,0,0))
)
8
FabOnDisk: Cell_D_00000 0
FabOnDisk: Cell_D_00000 61527
FabOnDisk: Cell_D_00000 123055
FabOnDisk: Cell_D_00000 184583
FabOnDisk: Cell_D_00000 246112
FabOnDisk: Cell_D_00000 307640
FabOnDisk: Cell_D_00000 369169
FabOnDisk: Cell_D_00000 430698

8,15
1.1269116979835980e-01,8.8730804234302352e-01,-2.8880422471943370e-07,-2.8880422472405961e-07,-2.8880422472872067e-07,9.9999921214138332e-01,-2.8880422452209185e-07,-2.8880422453714469e-07,-2.8880422452628869e-07,-0.0000000000000000e+00,-0.0000000000000000e+00,0.0000000000000000e+00,-0.0000000000000000e+00,-0.0000000000000000e+00,0.0000000000000000e+00,
1.1269117203737339e-01,8.8730805997257489e-01,-2.2440559229294983e-17,-2.8877598343001201e-07,-2.8877598339517709e-07,9.9999923200994822e-01,-2.6486966965303038e-17,-2.8877598322788623e-07,-2.8877598321862514e-07,-0.0000000000000000e+00,-0.0000000000000000e+00,0.0000000000000000e+00,-0.0000000000000000e+00,-0.0000000000000000e+00,0.0000000000000000e+00,
1.1269117203737340e-01,8.8730805997257489e-01,-2.8877598339557430e-07,-1.3153595809818430e-17,-2.8877598340410201e-07,9.9999923200994834e-01,-2.8877598321124330e-07,-3.0105606363443862e-17,-2.8877598320429514e-07,-0.0000000000000000e+00,-0.0000000000000000e+00,0.0000000000000000e+00,-0.0000000000000000e+00,-0.0000000000000000e+00,0.0000000000000000e+00,
1.1269117427743477e-01,8.8730807761037656e-01,-1.6260948729751303e-17,-3.2884005217877562e-17,-2.8874774215027233e-07,9.9999925188781136e-01,-2.6342410508144186e-17,-4.1395208126613342e-17,-2.8874774192532129e-07,-0.0000000000000000e+00,0.0000000000000000e+00,-0.0000000000000000e+00,-0.0000000000000000e+00,0.0000000000000000e+00,-0.0000000000000000e+00,
1.1269117203737340e-01,8.8730805997257511e-01,-2.8877598338513086e-07,-2.8877598340449922e-07,-2.2440552772446638e-17,9.9999923200994856e-01,-2.8877598320328320e-07,-2.8877598319691331e-07,-1.4908240555505577e-17,-0.0000000000000000e+00,-0.0000000000000000e+00,0.0000000000000000e+00,-0.0000000000000000e+00,-0.0000000000000000e+00,0.0000000000000000e+00,
1.1269117427743477e-01,8.8730807761037656e-01,-4.2170959502454114e-17,-2.8874774217386934e-07,-2.0524794037283847e-17,9.9999925188781136e-01,-3.4157926914670946e-17,-2.8874774194138606e-07,-4.4435595341398082e-17,-0.0000000000000000e+00,-0.0000000000000000e+00,-0.0000000000000000e+00,-0.0000000000000000e+00,0.0000000000000000e+00,-0.0000000000000000e+00,
1.1269117427743479e-01,8.8730807761037656e-01,-2.8874774214828636e-07,-1.7779521962738674e-17,-1.3912885491933586e-17,9.9999925188781136e-01,-2.8874774196223054e-07,-4.0816984347023754e-17,-2.2723767345068506e-17,-0.0000000000000000e+00,-0.0000000000000000e+00,-0.0000000000000000e+00,-0.0000000000000000e+00,-0.0000000000000000e+00,-0.0000000000000000e+00,
1.1269117651854413e-01,8.8730809525642917e-01,-3.7147838372630690e-17,-2.3597027264816439e-17,-4.1014485621806832e-17,9.9999927177497328e-01,-3.4447044719330309e-17,-4.1250641122252506e-17,-3.0394721195710241e-17,-0.0000000000000000e+00,-0.0000000000000000e+00,-0.0000000000000000e+00,-0.0000000000000000e+00,0.0000000000000000e+00,-0.0000000000000000e+00,

8,15
1.1269134157387785e-01,8.8730939486956439e-01,2.2440565591541818e-17,1.6225852774091051e-17,2.8222983378118525e-17,1.0000007364434422e+00,2.2868340611831448e-17,2.9961051612840406e-17,3.7053799271106476e-17,-0.0000000000000000e+00,-0.0000000000000000e+00,0.0000000000000000e+00,-0.0000000000000000e+00,-0.0000000000000000e+00,0.0000000000000000e+00,
1.1269134386585869e-01,8.8730941291616916e-01,2.8880422472991229e-07,2.3199858050199248e-17,3.7147853635235408e-17,1.0000007567820279e+00,2.8880422450414323e-07,3.3579715303623291e-17,2.3302014071683175e-17,-0.0000000000000000e+00,-0.0000000000000000e+00,0.0000000000000000e+00,-0.0000000000000000e+00,-0.0000000000000000e+00,0.0000000000000000e+00,
1.1269134386585869e-01,8.8730941291616960e-01,1.4274984791127870e-17,2.8880422475000476e-07,1.7417442628023610e-17,1.0000007567820284e+00,3.7776580543956313e-17,2.8880422453482710e-07,2.5764173313491613e-17,-0.0000000000000000e+00,-0.0000000000000000e+00,0.0000000000000000e+00,-0.0000000000000000e+00,-0.0000000000000000e+00,0.0000000000000000e+00,
1.1269134615888726e-01,8.8730943097102455e-01,2.8877598340601773e-07,2.8877598342690461e-07,3.2486815067205728e-17,1.0000007771299118e+00,2.8877598321920335e-07,2.8877598323512349e-07,2.7643456981431231e-17,-0.0000000000000000e+00,0.0000000000000000e+00,-0.0000000000000000e+00,-0.0000000000000000e+00,0.0000000000000000e+00,-0.0000000000000000e+00,
1.1269134386585869e-01,8.8730941291616938e-01,1.5863772008457500e-17,3.5196981076290319e-17,2.8880422469157282e-07,1.0000007567820282e+00,2.2290083733487888e-17,4.1106105791174205e-17,2.8880422450950124e-07,-0.0000000000000000e+00,-0.0000000000000000e+00,0.0000000000000000e+00,-0.0000000000000000e+00,-0.0000000000000000e+00,0.0000000000000000e+00,
1.1269134615888729e-01,8.8730943097102410e-01,2.8877598340605283e-07,3.8304323783261450e-17,2.8877598340175393e-07,1.0000007771299113e+00,2.8877598319329467e-07,2.6776095101434741e-17,2.8877598322267745e-07,-0.0000000000000000e+00,-0.0000000000000000e+00,-0.0000000000000000e+00,-0.0000000000000000e+00,0.0000000000000000e+00,-0.0000000000000000e+00,
1.1269134615888726e-01,8.8730943097102455e-01,2.6307202926037340e-17,2.8877598341609912e-07,2.8877598339326137e-07,1.0000007771299118e+00,1.9683377925230897e-17,2.8877598320863651e-07,2.8877598320371694e-07,-0.0000000000000000e+00,-0.0000000000000000e+00,-0.0000000000000000e+00,-0.0000000000000000e+00,-0.0000000000000000e+00,-0.0000000000000000e+00,
1.1269134845296370e-01,8.8730944903413056e-01,2.8874774217072691e-07,2.8874774217462866e-07,2.8874774214366044e-07,1.0000007974870944e+00,2.8874774197453210e-07,2.8874774195253106e-07,2.8874774194717770e-07,-0.0000000000000000e+00,-0.0000000000000000e+00,-0.0000000000000000e+00,-0.0000000000000000e+00,0.0000000000000000e+00,-0.0000000000000000e+00,

