1
1
1
0
(8 0
((0,0,0) (7,7,7) (0,0,0))
((8,0,0) (15,7,7) (0,0,0))
((0,8,0) (7,15,7) (0,0,0))
((8,8,0) (15,15,7) (0,0,0))
((0,0,8) (7,7,15) (0,0,0))
((8,0,8) (15,7,15) (0,0,0))
((0,8,8) (7,15,15) (0,0,0))
((8,8,8) (15,15,15) (0,0,0))
)
8
FabOnDisk: Cell_D_00000 0
FabOnDisk: Cell_D_00000 4182
FabOnDisk: Cell_D_00000 8365
FabOnDisk: Cell_D_00000 12548
FabOnDisk: Cell_D_00000 16732
FabOnDisk: Cell_D_00000 20915
FabOnDisk: Cell_D_00000 25099
FabOnDisk: Cell_D_00000 29283

8,1
6.37303717736819042e-01,
6.33522355925683622e-01,
6.29278155865336863e-01,
6.27915168460601913e-01,
6.28849471341720312e-01,
6.29795133074049773e-01,
6.29360179087275151e-01,
6.29532470812057321e-01,

8,1
1.06746296411349428e+00,
1.06823669733435356e+00,
1.09223894839176761e+00,
1.18944137319831067e+00,
1.21619833782783537e+00,
1.26286906788845577e+00,
1.28220956878271797e+00,
1.29079438120881007e+00,

