1
1
15
0
(8 0
((0,0,0) (7,7,7) (0,0,0))
((8,0,0) (15,7,7) (0,0,0))
((0,8,0) (7,15,7) (0,0,0))
((8,8,0) (15,15,7) (0,0,0))
((0,0,8) (7,7,15) (0,0,0))
((8,0,8) (15,7,15) (0,0,0))
((0,8,8) (7,15,15) (0,0,0))
((8,8,8) (15,15,15) (0,0,0))
)
8
FabOnDisk: Cell_D_00000 0
FabOnDisk: Cell_D_00000 61527
FabOnDisk: Cell_D_00000 123055
FabOnDisk: Cell_D_00000 184583
FabOnDisk: Cell_D_00000 246112
FabOnDisk: Cell_D_00000 307640
FabOnDisk: Cell_D_00000 369169
FabOnDisk: Cell_D_00000 430698

8,15
7.6528557148607027e-02,6.9310381040725044e-01,7.1633233313168673e-03,1.6666795826127963e-02,2.6540327807947822e-02,8.7143387127552707e-01,7.5580842383732071e-03,1.5707311499475851e-02,2.7101525688462955e-02,-4.6636726236031573e-02,-1.1654840887558054e-01,-6.4279451898138856e-02,-7.2361746162267593e-02,-6.7117320267616274e-03,-6.4863917759865573e-04,
7.5752015471692344e-02,3.4149232215111053e-01,7.1389139509042921e-03,1.1677002018124289e-02,2.3284399637676072e-02,7.8386530282121047e-01,6.3826902444299987e-03,1.2828300137897592e-02,2.6799121367039540e-02,-1.3819633606286225e-01,-2.1148019021912301e-01,-1.4169007073344259e-01,-9.8197063817705765e-02,-1.9024733853244206e-02,-5.7416903413079132e-04,
7.6244453371492285e-02,4.5238790070207779e-01,5.7452279249974245e-03,1.3773822361236591e-02,2.3336497730018516e-02,7.8936834590135785e-01,6.5875179006172659e-03,1.5799252961418413e-02,2.3829337748747351e-02,-9.3747257488473568e-02,-1.0332928688507542e-01,-1.1504771813627590e-01,-1.9311362838371063e-01,-7.3240382934488993e-02,-8.2584742441572500e-04,
7.6709601096303218e-02,7.1083789954821341e-02,5.2022833045056900e-03,1.1058631699429054e-02,1.9653360584248134e-02,7.8446592156031691e-01,4.4110616873905108e-03,1.2162243961135442e-02,2.0022318017624181e-02,-2.1913290552621015e-01,-1.4368809435227387e-01,-2.2576242047916967e-01,-2.4563172791019652e-01,-2.4468621597955403e-01,-4.5297745820973515e-04,
7.5997629779555070e-02,7.0303574123302603e-01,5.7939139047145623e-03,1.6776292069750218e-02,2.4066205870678588e-02,8.7648178324367998e-01,7.4990493076877605e-03,1.5089143117715966e-02,2.7177989462768056e-02,-4.5756126729880289e-02,-1.1268079031975400e-01,-1.1547371262282669e-03,-7.0157256415154329e-02,-6.0613208978927569e-03,-2.7632413010052606e-02,
7.5478782229877403e-02,3.5465750062639761e-01,6.4267451670859633e-03,1.3791378553421125e-02,2.3585851088777379e-02,7.8655364639880188e-01,6.4577001567084633e-03,1.2988568210274044e-02,2.6676464562611319e-02,-1.3567466613290630e-01,-2.0668253429976471e-01,-1.1291638469062004e-03,-9.4845526531637636e-02,-1.7489529014946076e-02,-9.8172938862311099e-02,
7.5574818758162438e-02,4.7465473448853585e-01,5.7999004475325026e-03,1.3866529691792216e-02,2.2240135620899940e-02,7.9233467396720869e-01,4.1121689026993626e-03,1.4486830159678108e-02,2.3036893620360880e-02,-9.0273847678433078e-02,-9.8343319392246886e-02,-1.7315506304706324e-03,-1.8397687444653305e-01,-6.9023386699694100e-02,-7.4847490096338232e-02,
7.5969721970902154e-02,8.1616350350923531e-02,5.2913163379457399e-03,1.2608715608575903e-02,1.9831279514542114e-02,7.8283752220872671e-01,4.3141715597763784e-03,1.0938094269154451e-02,1.9014626307906912e-02,-2.1419819890001440e-01,-1.3824255093220622e-01,-1.5144564393174687e-03,-2.3419585389732933e-01,-2.3507215441072232e-01,-2.4175000117141637e-01,

8,15
1.7833006086827666e-01,9.6101283893752953e-01,1.0999749555634413e-02,2.0323076770799618e-02,3.0378730028344472e-02,1.0375413960861366e+00,1.2980887918440619e-02,2.0158342461650821e-02,3.0455582930533857e-02,1.3293886030298779e-01,2.2062363126632456e-02,2.0930560880212945e-03,1.5681621520344222e-02,6.3490454486983317e-02,2.8274645772792040e-02,
4.4755234590285758e-01,9.6340954063750295e-01,1.1311015259020717e-02,2.0370539837227333e-02,3.0489221164026092e-02,1.0391615561091954e+00,1.3966108348195975e-02,2.0113430646200584e-02,3.1464432302424190e-02,1.3463966117544507e-01,5.6922526778084320e-02,1.7389462925155585e-03,9.5724620902994620e-02,2.2559959797023224e-01,1.0275436179591640e-01,
3.3698044519928000e-01,9.6179178802137999e-01,1.1551179999483354e-02,2.0306673876153421e-02,2.9740386819835297e-02,1.0380364501041843e+00,1.3514803303390971e-02,2.0895838947955873e-02,3.0286093726377774e-02,2.2166657222692168e-01,1.1602780043962038e-01,2.5715383219939852e-03,3.5775767342209698e-02,7.1495922283149743e-02,7.2825227626376693e-02,
1.0047881673063270e+00,9.6017377768067813e-01,1.1684947298776428e-02,2.0143498801007166e-02,2.9854880080306179e-02,1.0758719572611484e+00,1.4559896471749389e-02,2.2036379349540960e-02,3.0584701666401475e-02,1.7328886433968199e-01,2.1927882612940208e-01,1.3499216177412648e-03,2.4290156341019775e-01,2.3763293633343832e-01,2.5090439217591448e-01,
1.7344604201065394e-01,9.6288925899973798e-01,1.1479377752886270e-02,1.9685687949998833e-02,3.0204672612961978e-02,1.0388868887792930e+00,1.1203646687262390e-02,2.0087245555337713e-02,3.1036165553142678e-02,1.3131712569366644e-01,2.0135849793740612e-02,6.5694517470780617e-02,1.5322051675977107e-02,6.0244942774639279e-02,3.2808417914363067e-04,
4.3329283097809324e-01,9.6448353735490489e-01,1.1567884762585363e-02,2.0099604581560505e-02,2.9895341352066968e-02,1.0399623195847822e+00,1.1924298367745889e-02,1.9913166825989446e-02,3.1705335228723611e-02,1.3292214503434635e-01,5.3070034782586498e-02,1.4644054516616650e-01,9.2285042688256075e-02,2.1729441940682376e-01,3.1798667944036435e-04,
3.1767993947867285e-01,9.6415628793582386e-01,1.1242037403338524e-02,1.9967323269073141e-02,2.9032605079526475e-02,1.0397311066939863e+00,1.0385053673490146e-02,2.0152810017308582e-02,3.0682213236053718e-02,2.2026899815705808e-01,1.1152731889362517e-01,1.2456318760432480e-01,3.3995453254448901e-02,6.6256994888281934e-02,4.9298259147111112e-04,
9.6217196909018876e-01,9.6286508770835699e-01,1.0801323584423721e-02,1.9694299785406353e-02,2.8648464761529359e-02,1.0437883194411124e+00,1.0710780539341727e-02,1.9938237508556687e-02,3.0706834873426913e-02,1.7335453968326744e-01,2.1759558703815229e-01,2.2563299267585402e-01,2.3092507167249313e-01,2.2470471559360805e-01,4.2858368659825802e-04,

