1
1
15
0
(8 0
((0,0,0) (7,7,7) (0,0,0))
((8,0,0) (15,7,7) (0,0,0))
((0,8,0) (7,15,7) (0,0,0))
((8,8,0) (15,15,7) (0,0,0))
((0,0,8) (7,7,15) (0,0,0))
((8,0,8) (15,7,15) (0,0,0))
((0,8,8) (7,15,15) (0,0,0))
((8,8,8) (15,15,15) (0,0,0))
)
8
FabOnDisk: Cell_D_00000 0
FabOnDisk: Cell_D_00000 61527
FabOnDisk: Cell_D_00000 123055
FabOnDisk: Cell_D_00000 184583
FabOnDisk: Cell_D_00000 246112
FabOnDisk: Cell_D_00000 307640
FabOnDisk: Cell_D_00000 369169
FabOnDisk: Cell_D_00000 430698

8,15
7.3295183493989058e-02,8.3878593994433848e-01,8.1087922138203105e-03,1.6483313954806338e-02,3.0193048843126714e-02,9.5359382075490140e-01,9.5312203962821251e-03,1.8795143291323455e-02,2.8687838353097808e-02,-1.0899672580474140e-02,-8.1026683487438605e-02,-4.5331481021007231e-02,-1.8715852299308923e-02,-2.0537972074598045e-02,-1.5938040366527970e-03,
7.2972689786611172e-02,7.4076991206861176e-01,9.0398621544841122e-03,1.6278962516478382e-02,2.7757762333006326e-02,8.9393062921470201e-01,8.9238894002086309e-03,1.7513061719567718e-02,2.8134442612696545e-02,-5.0160548385351590e-02,-1.4483664722115303e-01,-8.3018933153678143e-02,-1.9515333645616958e-02,-4.4281840687659779e-02,-2.7609075355026153e-03,
7.3118233054521017e-02,4.7412435346187709e-01,6.3577654565833992e-03,1.6139636522326643e-02,2.6883769739153306e-02,7.9121247540291684e-01,8.5133975829417632e-03,1.9150796715600174e-02,2.6342458104052561e-02,-4.0591225853886567e-02,-1.0989431476794316e-01,-1.5579489514634398e-01,-1.3820006020306624e-01,-6.4719200928520099e-02,-4.1269926912750896e-03,
7.4083175339743498e-02,1.9538973953431957e-01,7.1219909649397166e-03,1.4374339223634215e-02,2.0788314330301653e-02,7.8085046903276345e-01,6.0938497572024892e-03,1.6991929877043344e-02,2.4471156003955274e-02,-1.7432890766963810e-01,-1.8206059990827006e-01,-2.2768351044188112e-01,-1.4400592343447555e-01,-1.4678598343417185e-01,-8.6235101186623274e-03,
7.3261427355188591e-02,7.7534248954284835e-01,7.2610541935788659e-03,1.6440014448643771e-02,2.7754307671956066e-02,9.1451402280838046e-01,7.4483356684723369e-03,1.5759389060344620e-02,2.8542513242804990e-02,-1.6274539831159729e-02,-1.2233020779404638e-01,-3.4836636744534355e-02,-3.5367588119274027e-02,-3.2577677075430606e-02,-1.7056697645586722e-02,
7.3269140359049911e-02,6.1430600958840487e-01,8.3349970191925159e-03,1.5306556094158466e-02,2.7876075865173013e-02,8.3242319704105605e-01,8.0532551412616921e-03,1.4660736583886981e-02,2.7733150426198134e-02,-7.7045713174941591e-02,-2.0788576908594503e-01,-6.4898755629757637e-02,-3.7986165274311430e-02,-7.5254326597712251e-02,-3.9599446478478836e-02,
7.3236836749488360e-02,2.8894287398612484e-01,5.7197707940704109e-03,1.4496826689257261e-02,2.3206058623693515e-02,7.8282833902445703e-01,4.8592694073678975e-03,1.4240756400394594e-02,2.2823747703316726e-02,-6.1775269162825552e-02,-1.5444341966313463e-01,-8.9027744508897111e-02,-2.4483025816358117e-01,-1.1627886741730827e-01,-1.2056186400532971e-01,
7.4597595161775110e-02,6.2244100273682164e-02,5.8104425797875017e-03,1.3530543644430666e-02,2.0420583845028980e-02,7.7967555370430541e-01,3.9928182384354367e-03,1.2030075528007753e-02,1.9794652857431760e-02,-2.1398173637786969e-01,-2.2058218137338384e-01,-1.0009197707500335e-01,-2.2793832097563166e-01,-2.4211762009809948e-01,-2.5228799622629833e-01,

8,15
1.1480788081056290e-01,9.6840605917082101e-01,1.2546359804349323e-02,2.3582839718067274e-02,3.4140717776801152e-02,1.0417012426648100e+00,1.4534027439630694e-02,2.3350917180447947e-02,3.3867859416961167e-02,4.8055984608284946e-02,5.8705068589719092e-02,5.6059041032043289e-03,3.2643110825001016e-03,3.1840907090249018e-02,1.7615528874689458e-02,
1.5316071714609031e-01,9.6932744192137421e-01,1.3033613112598617e-02,2.3629571968047904e-02,3.4310746976834672e-02,1.0423001317079854e+00,1.4982023358148225e-02,2.3596068722255940e-02,3.3615524822030861e-02,4.5248429245183942e-02,1.0860248240661485e-01,9.7332768875748460e-03,2.0693708890811423e-02,7.0856550422747369e-02,4.0662445949955356e-02,
3.1708812194103980e-01,9.6893807903920948e-01,1.3030991450508535e-02,2.3209352185745644e-02,3.4055400761637072e-02,1.0420563120937305e+00,1.6023290985571887e-02,2.3928658430187873e-02,3.2966261082411817e-02,1.6713335667711121e-01,1.1177748465463357e-01,1.4259916914816206e-02,1.3208600848561645e-02,6.6552113713306063e-02,1.1957593010016572e-01,
6.6003688164766983e-01,9.6559288874824778e-01,1.3688843904540549e-02,2.3072833728567364e-02,3.4017097437533728e-02,1.0396760640879912e+00,1.6717923818683117e-02,2.5282095264107522e-02,3.2755478591326437e-02,1.2364255293857052e-01,1.7376541082151153e-01,2.8662587259328562e-02,1.5095569161062394e-01,1.5567079923686825e-01,2.5726300369516136e-01,
1.3917153326553208e-01,9.6842387243065464e-01,1.2496176389211583e-02,2.2788643047637776e-02,3.3722834518104483e-02,1.0416852997858432e+00,1.4412370615671423e-02,2.2201387004598165e-02,3.4644955303681543e-02,7.7309628759177268e-02,8.6895956558939697e-02,4.6026467268999532e-02,4.8809667278552037e-03,5.5990800435260418e-02,1.4799432162919174e-02,
2.1811718745265124e-01,9.6834138409903769e-01,1.3362555946916826e-02,2.3282085584616023e-02,3.3405390549218754e-02,1.0416198395310268e+00,1.4933990821472367e-02,2.2167503661773925e-02,3.5005804646193121e-02,7.0357415965896522e-02,1.6089108388811618e-01,8.4041126436080776e-02,3.9227976561098568e-02,1.3138367590417716e-01,3.7314134964352735e-02,
5.1223803120656519e-01,9.6863605019844112e-01,1.3040641942192907e-02,2.2402751714639138e-02,3.2692240876400713e-02,1.0418728869479295e+00,1.4776795172156666e-02,2.3248346059640872e-02,3.4513078939289100e-02,2.2222095672291509e-01,1.5650969905673898e-01,1.6378024077642900e-01,2.1193543359103006e-02,1.1705459816440773e-01,9.6282764265970114e-02,
1.0374848876302880e+00,9.6379425119284012e-01,1.3928486798046430e-02,2.2506956803257282e-02,3.2463554365605336e-02,1.0997289879039702e+00,1.5534863959990042e-02,2.3543223276744150e-02,3.4708015046888946e-02,1.2784661181520401e-01,2.2140498012210819e-01,2.3197116980518645e-01,2.4631582284950207e-01,2.5093844410573257e-01,1.9033816069060397e-01,

