1
1
15
0
(8 0
((0,0,0) (7,7,7) (0,0,0))
((8,0,0) (15,7,7) (0,0,0))
((0,8,0) (7,15,7) (0,0,0))
((8,8,0) (15,15,7) (0,0,0))
((0,0,8) (7,7,15) (0,0,0))
((8,0,8) (15,7,15) (0,0,0))
((0,8,8) (7,15,15) (0,0,0))
((8,8,8) (15,15,15) (0,0,0))
)
8
FabOnDisk: Cell_D_00000 0
FabOnDisk: Cell_D_00000 61527
FabOnDisk: Cell_D_00000 123055
FabOnDisk: Cell_D_00000 184583
FabOnDisk: Cell_D_00000 246112
FabOnDisk: Cell_D_00000 307640
FabOnDisk: Cell_D_00000 369169
FabOnDisk: Cell_D_00000 430698

8,15
9.94112704053348901e-03,2.64651440392395373e-03,-2.04808838464593454e-02,-1.65872622355004926e-02,-1.24917641543605927e-02,6.26678655675188878e-01,-1.33082161906906190e-03,8.94725626002464570e-04,-1.03678104963613295e-03,-1.14661383798519423e-02,-2.66863706119217121e-02,-4.82746888319890780e-02,-4.89642233866458887e-01,-5.08504092454459933e-01,-5.21210555295661071e-01,
9.76849658814634564e-03,1.23870790458486613e-03,-8.06901499572760736e-03,-1.70751938363289738e-02,-1.33532867375456190e-02,6.26149307231367525e-01,-2.37963231877163194e-02,-1.35209640960506396e-02,-1.23417854941415793e-02,-4.47096036014563381e-01,-3.16279938946694150e-02,-5.68084252598027861e-02,-3.28651501594425799e-02,-5.38438143747411946e-01,-5.61458218902986417e-01,
1.00032227068648210e-02,9.12029272766531332e-04,-2.34230211436388461e-02,1.23243987858660288e-03,-1.43451161124749545e-02,6.29175773597401067e-01,-1.39268432051112864e-03,-4.98476017486639434e-03,-2.32839918119930878e-02,-1.47530814887593849e-02,-4.55708133312543950e-01,-6.01715402848632674e-02,-5.14609636404160020e-01,-7.96429043487228427e-02,-5.74482456414514009e-01,
9.82209137896738853e-03,1.16605354348895332e-04,-7.42790161229159047e-03,2.49082392927252923e-03,-1.58408243500350876e-02,6.28372700135695128e-01,-1.64507980374414969e-02,-7.81708310556888594e-03,-5.25786549166755712e-01,-4.73038471774867741e-01,-4.59756483850739361e-01,-7.07351455328250056e-02,-3.81776791627248535e-02,-8.18164532292994240e-02,-5.99938007057289724e-01,
1.00614834818569827e-02,3.16535973521897649e-04,-2.36057350343143943e-02,-2.00694836905144260e-02,3.21903734225996614e-03,6.27576854725045541e-01,-1.34997867674459238e-03,-6.94814390921943137e-02,-2.18912409191015858e-02,-1.59989309229203909e-02,-3.67991030009321568e-02,-4.33331913215967701e-01,-5.16391049001584723e-01,-5.59140316026028761e-01,-1.26285570857564561e-01,
9.87220334057983991e-03,-1.12045704358680853e-04,-7.02820819145667016e-03,-1.89081305067339139e-02,-1.68889287344890180e-04,6.29039641960538853e-01,-1.66491326114396217e-02,-7.78089106598029989e-01,-1.47123304159237855e-01,-4.80613560271814233e-01,-4.35330473920937516e-02,-4.62798555027786551e-01,-3.65016396289977452e-02,-5.62309158512284579e-01,-1.25284368065823992e-01,
1.01355290029943208e-02,-1.75283508765259016e-04,-2.15569190151981005e-02,-4.44353042193214179e-04,-1.21514857889691683e-03,6.25287489632027960e-01,-1.85388717318044662e-02,-7.35660512339805783e-03,-8.59348636159376622e-03,-2.04983953234805574e-02,-4.60635698197113252e-01,-4.74360989699125657e-01,-5.78998834706654364e-01,-7.97106751400719349e-02,-1.26679883438816643e-01,
9.93624693404338531e-03,-5.50519238513049011e-04,-6.06154632978202039e-03,-1.87775861582150684e-03,-1.58949458597925459e-03,6.23333498155048016e-01,-9.36489415231739862e-03,-8.05986412804697919e-03,-1.15251463086172099e-02,-4.84792620091576754e-01,-4.75708208583176972e-01,-5.00953438016087604e-01,-4.08784657686315223e-02,-8.67709643465987140e-02,-1.25639150437149738e-01,

8,15
1.19925937613183486e+00,1.06527956314230288e+00,2.00285332824045557e-02,2.18406402593429166e-02,2.97729404402057168e-02,1.20190589053575891e+00,2.79069573333557419e-02,1.48794476162660665e-02,1.93061917244314145e-02,4.40236757720590011e-01,4.63331889324331725e-01,4.78431987606629472e-01,1.31359783148496325e-03,3.08012239314082743e-03,5.70438442062266328e-03,
1.23331245916244248e+00,1.06440460104157886e+00,2.95992104336067346e-02,2.15695208382989528e-02,3.04646499442097971e-02,1.23455116706702728e+00,1.86178459631225965e-02,1.80828205765617006e-02,2.04171526140303379e-02,2.14273122808281459e-02,4.69656260092454203e-01,4.94768240618881416e-01,4.68352739715526489e-01,3.83091314025961211e-03,7.03068449541101054e-03,
1.24357011404404760e+00,1.06507652552113274e+00,1.97476428273744356e-02,3.72281784565721557e-02,3.14153400667667379e-02,1.24448214331681406e+00,5.62102575514831435e-02,1.79800708768386788e-02,2.21640301555595005e-02,4.39542063326746169e-01,5.20224752343234065e-02,4.98791875378291172e-01,1.78271797758013302e-03,5.06805830746741015e-01,7.49830329094512086e-03,
1.26055573129259457e+00,1.06412642601776453e+00,3.36169205622711964e-02,3.90391142777384084e-02,3.74426635117910134e-02,1.26067233664694345e+00,1.56894063800560535e-01,1.84698424173466103e-01,3.59560470943531829e-02,2.52703423710922588e-02,5.45539805043969497e-02,5.04237941802140655e-01,5.31144810389200583e-01,5.34860067392247118e-01,9.22508847173887300e-03,
1.25694973095512719e+00,1.06512769547030506e+00,1.96810783926088494e-02,2.22622152623793423e-02,4.73940919011467260e-02,1.25726626692864918e+00,4.79434290797761120e-02,4.24049201627448649e-02,1.48030961248889037e-01,4.62170159218185550e-01,4.68615680606732754e-01,8.23064673791392143e-02,1.96371900460034794e-03,4.56141934027608914e-03,5.12041374375080460e-01,
1.26628775957730100e+00,1.06427687213813105e+00,3.44117568750072489e-02,2.65042526109270649e-02,4.74327299232036315e-02,1.26617571387294237e+00,4.06430787475250799e-01,6.69072891819729870e-02,2.06799554104774574e-01,2.36244741329628416e-02,4.70292855660384590e-01,8.06047547907208922e-02,5.56081425613206060e-01,5.65181081263025579e-03,5.16865019507991685e-01,
1.26993917342885720e+00,1.06288621861776500e+00,1.92129855029903526e-02,4.09734285328481537e-02,4.82725563991929230e-02,1.26980927288691103e+00,7.15996331995259749e-02,4.75631212670152015e-01,4.67609844390530216e-01,4.99280190845577621e-01,5.27498445142291494e-02,8.22441258184996860e-02,2.66687513608821142e-03,5.51719510612729502e-01,5.28876963018991342e-01,
1.27417172400241618e+00,1.06185660537361004e+00,3.14629275917462717e-02,3.98857609081493744e-02,4.83117743360494400e-02,1.27386136442982667e+00,6.14146258048537175e-01,4.42110867149374753e-01,5.33958410030242914e-01,2.74414906243145018e-02,5.73963720960777857e-02,8.27666430131615005e-02,5.87264816601144601e-01,5.51913624872655495e-01,5.80260471237530218e-01,

