1
1
15
0
(8 0
((0,0,0) (7,7,7) (0,0,0))
((8,0,0) (15,7,7) (0,0,0))
((0,8,0) (7,15,7) (0,0,0))
((8,8,0) (15,15,7) (0,0,0))
((0,0,8) (7,7,15) (0,0,0))
((8,0,8) (15,7,15) (0,0,0))
((0,8,8) (7,15,15) (0,0,0))
((8,8,8) (15,15,15) (0,0,0))
)
8
FabOnDisk: Cell_D_00000 0
FabOnDisk: Cell_D_00000 61527
FabOnDisk: Cell_D_00000 123055
FabOnDisk: Cell_D_00000 184583
FabOnDisk: Cell_D_00000 246112
FabOnDisk: Cell_D_00000 307640
FabOnDisk: Cell_D_00000 369169
FabOnDisk: Cell_D_00000 430698

8,15
0.00000000000000000e+00,0.00000000000000000e+00,-2.90598559696453449e+05,-1.19380611180195134e+05,-1.60698224912768346e+05,9.99999999999999334e-01,-6.64291318758928974e+04,-1.46326927364786066e+01,-1.30534164458674088e+05,-2.22222222222222238e-01,-1.11111111111111119e-01,-0.00000000000000000e+00,-2.22205402523922457e-01,-1.11094438078013447e-01,-0.00000000000000000e+00,
0.00000000000000000e+00,0.00000000000000000e+00,-2.39656022684886004e+05,-2.13666602575217461e+05,-1.84730718076414312e+05,9.99999999999999334e-01,-8.86504428193842614e+04,-1.62846152598466113e+05,-2.17749585874169337e+05,-2.22222222222222238e-01,-1.11111111111111119e-01,-0.00000000000000000e+00,-2.22222222222222238e-01,-1.11107526568555687e-01,-0.00000000000000000e+00,
0.00000000000000000e+00,0.00000000000000000e+00,-1.47365203720173246e+05,-1.73132440529246320e+05,-1.45333792933442601e+05,9.99999999999999334e-01,-7.55855126647175784e+04,-1.47053998111860506e+05,-3.59256014909455087e+05,-2.22222222222222238e-01,-1.11111111111111119e-01,-0.00000000000000000e+00,-2.22204631383129347e-01,-1.11111111111111119e-01,-0.00000000000000000e+00,
0.00000000000000000e+00,0.00000000000000000e+00,-2.63313487300875713e+05,-6.28019894087212859e+05,-1.80421671488652675e+05,9.99999999999999334e-01,-6.04106465547446278e+04,-2.81207381647100614e+05,-1.96056542378133483e+05,-2.22222222222222238e-01,-1.11111111111111119e-01,-0.00000000000000000e+00,-2.22222222222222238e-01,-1.11111111111111119e-01,-0.00000000000000000e+00,
0.00000000000000000e+00,0.00000000000000000e+00,-5.24327756185783423e+05,-7.87502067017898516e+04,-2.22629463426174305e+05,9.99999999999999334e-01,-2.96788575534281335e+04,-1.16647184337717743e+05,-2.01529702901384793e+05,-2.22222222222222238e-01,-1.11111111111111119e-01,-0.00000000000000000e+00,-2.22204631383129403e-01,-1.11110965297808673e-01,-0.00000000000000000e+00,
0.00000000000000000e+00,0.00000000000000000e+00,-5.39261115725214593e+05,-4.48567454000977275e+05,-2.32296246368621622e+05,9.99999999999999334e-01,-1.48395927460897045e+05,-1.44138623439189396e+05,-1.91067741295905667e+05,-2.22222222222222238e-01,-1.11111111111111119e-01,-0.00000000000000000e+00,-2.22222222222222238e-01,-1.11111098601250416e-01,-0.00000000000000000e+00,
0.00000000000000000e+00,0.00000000000000000e+00,-1.07156056485220790e+05,-1.24121364797082526e+05,-4.36153723931613436e+05,9.99999999999999334e-01,-5.50442579190342076e+04,-2.95166568415479560e+04,-6.02220432507744044e+04,-2.22222222222222238e-01,-1.11111111111111119e-01,-0.00000000000000000e+00,-2.22221929297712784e-01,-1.11111111111111119e-01,-0.00000000000000000e+00,
0.00000000000000000e+00,0.00000000000000000e+00,-3.59486707253924629e+05,-2.64287873774967855e+05,-1.03200919868722849e+06,9.99999999999999334e-01,-1.22151141889520823e+04,-1.97509018723342160e+04,-1.21566993580312901e+04,-2.22222222222222238e-01,-1.11111111111111119e-01,-0.00000000000000000e+00,-2.22222222222222238e-01,-1.11111111111111119e-01,-0.00000000000000000e+00,

8,15
1.00000000000000022e+00,1.00000000000000022e+00,1.71520859358081972e+05,2.38126929007227300e+05,1.24539951454263180e+05,1.00000000000000067e+00,4.10180060938973402e+04,8.65479735440721270e+04,7.11950366494160553e+04,4.44444444444444475e-01,5.55555555555555580e-01,6.66666666666666741e-01,4.44444444444444420e-01,5.55555555483975283e-01,6.66666373335708551e-01,
1.00000000000000022e+00,1.00000000000000022e+00,9.70151470794150810e+04,1.43079507293577917e+05,7.72130084145867586e+04,1.00000000000000067e+00,1.73328408774538955e+05,3.89856526564341475e+04,1.34009683371422783e+05,4.44444444444444475e-01,5.55555555555555580e-01,6.66666666666666741e-01,4.44444152908005263e-01,5.55555555555555469e-01,6.66666666595086443e-01,
1.00000000000000022e+00,1.00000000000000022e+00,1.82947358388623048e+05,7.95098136392586603e+04,1.60639058380334958e+05,1.00000000000000067e+00,3.01152609410564473e+05,1.30176479826878989e+05,1.23601068770013939e+05,4.44444444444444475e-01,5.55555555555555580e-01,6.66666666666666741e-01,4.44444444444444420e-01,5.55554343729239841e-01,6.66666666595086221e-01,
1.00000000000000022e+00,1.00000000000000022e+00,3.11601802718473948e+05,2.73470139781766571e+05,2.72940012512872403e+05,1.00000000000000067e+00,1.42249109904646117e+05,2.04744449173583882e+05,1.56823711376879015e+05,4.44444444444444475e-01,5.55555555555555580e-01,6.66666666666666741e-01,4.44427144856547884e-01,5.55555409716017246e-01,6.66666666666666519e-01,
1.00000000000000022e+00,1.00000000000000022e+00,4.24457209343149560e+05,6.12212470837546512e+05,2.96454379778692164e+04,1.00000000000000067e+00,4.69339558568981302e+04,1.75026876775914134e+05,2.04478039849967696e+05,4.44444444444444475e-01,5.55555555555555580e-01,6.66666666666666741e-01,4.44444444444444475e-01,5.55555555484252173e-01,6.66666666657292351e-01,
1.00000000000000022e+00,1.00000000000000022e+00,5.96666408297883114e+05,7.99147333448446007e+05,7.05787498590872041e+05,1.00000000000000067e+00,9.17957039620517171e+04,1.12914229136566486e+05,1.16943099545900666e+05,4.44444444444444475e-01,5.55555555555555580e-01,6.66666666666666741e-01,4.44427144856547995e-01,5.55555555555555469e-01,6.66666666666666075e-01,
1.00000000000000022e+00,1.00000000000000022e+00,5.50396391552186920e+05,5.41001119444001117e+05,7.54152879103891319e+05,1.00000000000000067e+00,1.50974472809031104e+04,9.69611794484496932e+04,1.45953835585878085e+05,4.44444444444444475e-01,5.55555555555555580e-01,6.66666666666666741e-01,4.44444444444444475e-01,5.55538255990114971e-01,6.66666666666666075e-01,
1.00000000000000022e+00,1.00000000000000022e+00,9.93733520565590879e+04,6.57241392963269958e+05,4.60922542334068974e+05,1.00000000000000067e+00,1.18896380871372767e+04,1.32784584037622390e+04,4.26915751213450403e+03,4.44444444444444475e-01,5.55555555555555580e-01,6.66666666666666741e-01,4.44443859577630329e-01,5.55538255990114860e-01,6.66666666666666741e-01,

