1
1
15
0
(8 0
((0,0,0) (7,7,7) (0,0,0))
((8,0,0) (15,7,7) (0,0,0))
((0,8,0) (7,15,7) (0,0,0))
((8,8,0) (15,15,7) (0,0,0))
((0,0,8) (7,7,15) (0,0,0))
((8,0,8) (15,7,15) (0,0,0))
((0,8,8) (7,15,15) (0,0,0))
((8,8,8) (15,15,15) (0,0,0))
)
8
FabOnDisk: Cell_D_00000 0
FabOnDisk: Cell_D_00000 61527
FabOnDisk: Cell_D_00000 123055
FabOnDisk: Cell_D_00000 184583
FabOnDisk: Cell_D_00000 246112
FabOnDisk: Cell_D_00000 307640
FabOnDisk: Cell_D_00000 369169
FabOnDisk: Cell_D_00000 430698

8,15
7.4531582180934600e-02,7.8332769367112409e-01,8.4477848568453202e-03,1.6762141174912620e-02,2.9633417683208454e-02,9.2003342410447964e-01,9.2825429840050541e-03,1.7568234948180213e-02,2.8262147643912175e-02,-1.9294404651193114e-02,-1.0375030542539755e-01,-5.3269000140235834e-02,-3.4392035386310811e-02,-1.5884251066151323e-02,-6.4112292090008627e-04,
7.4045632829891045e-02,6.0213744871568142e-01,8.8835529700480448e-03,1.4034816568047784e-02,2.6197568199001667e-02,8.2774144491087487e-01,7.8281355588231682e-03,1.5533700746796926e-02,2.7790825574510628e-02,-8.0019023735638364e-02,-1.9226349772637899e-01,-1.0649853537275107e-01,-3.9831052358697640e-02,-3.8090655342762708e-02,-1.4298473089809690e-03,
7.4263502773365381e-02,4.3523649000745979e-01,6.3122203858216501e-03,1.5248823802619960e-02,2.5824498729953738e-02,7.8671923664432764e-01,7.6480707028139918e-03,1.8073398461163667e-02,2.6112358438805619e-02,-5.8014310562253125e-02,-1.2244946803683139e-01,-1.4194843072886881e-01,-1.7298799548815758e-01,-7.5628516110700150e-02,-1.0255419001384851e-03,
7.4978220054328221e-02,1.2019246533480167e-01,6.5408752596281001e-03,1.2578823505714003e-02,2.0421735559598839e-02,7.8163082547029306e-01,5.4746553182158670e-03,1.4958560447647234e-02,2.3525267003406868e-02,-1.9222519896652135e-01,-1.9337571954864674e-01,-2.2983301104574921e-01,-1.9162282409810727e-01,-1.9939564211621233e-01,-2.8362655562724250e-03,
7.4425332364318947e-02,7.4461384298992461e-01,6.7094901145970465e-03,1.7250107084908227e-02,2.6315662738961042e-02,8.9770307458439202e-01,7.5494356638665799e-03,1.5622210342546029e-02,2.8241429490502779e-02,-2.4021635354694884e-02,-1.2497266660156581e-01,-2.1547912002471012e-02,-4.7720534018844504e-02,-1.8834219779004614e-02,-2.1725580779198107e-02,
7.4111412748260191e-02,5.1863892733966199e-01,7.6989054139092383e-03,1.4442457131823004e-02,2.6427217010289140e-02,8.0085978131479096e-01,7.3093875262485002e-03,1.4485141391796545e-02,2.7535155664139364e-02,-9.8958984071511297e-02,-2.2073918717417490e-01,-4.3413285572473766e-02,-5.5758667297344675e-02,-4.6997638412107495e-02,-5.8351344788111076e-02,
7.4137162831707196e-02,3.5634453532246008e-01,5.6914551520287167e-03,1.4463240646671521e-02,2.2944794333508472e-02,7.8406292361841246e-01,4.5469881396323283e-03,1.4428667391866493e-02,2.2871819734409441e-02,-7.0366712645398205e-02,-1.3943368439254122e-01,-3.9557962186158604e-02,-2.2684493054492333e-01,-9.8229515717935340e-02,-1.0012026340747288e-01,
7.5245081835199484e-02,6.8521759041768826e-02,5.4863797492618466e-03,1.2939948964392623e-02,2.0299150659904206e-02,7.8191797064284352e-01,4.3277839616685885e-03,1.1587617407412624e-02,1.9669485541539543e-02,-2.1002347326859711e-01,-1.9817997746561794e-01,-5.0960911332178241e-02,-2.3616015258873319e-01,-2.5085201413589503e-01,-2.5981197645024512e-01,

8,15
1.3670573043335554e-01,9.6575784348477012e-01,1.2063755011520873e-02,2.2399061513066268e-02,3.2598728394988216e-02,1.0402894256657047e+00,1.4035133927866013e-02,2.2159327806380975e-02,3.2568105671982241e-02,7.7064489055897828e-02,4.7689823509790244e-02,2.2686317071465983e-03,5.9352939352816120e-03,4.6487253345760274e-02,2.0911861973994503e-02,
2.2560399619519350e-01,9.6716214952345425e-01,1.2304090328875044e-02,2.2363642229823056e-02,3.2704498035635098e-02,1.0412077823533452e+00,1.4857592175467468e-02,2.2304455019666235e-02,3.2360443319226516e-02,7.5383987465362623e-02,9.9172177820578800e-02,5.0450725581807077e-03,4.0268362721161299e-02,1.2423480881037896e-01,5.6160248680740696e-02,
3.5148274663686790e-01,9.6646071443678483e-01,1.2468740679500880e-02,2.2182593383254109e-02,3.2366534623237041e-02,1.0407242172101503e+00,1.4981430395640006e-02,2.2886779707564572e-02,3.1857989428991512e-02,1.9285978160981471e-01,1.1771942959117093e-01,3.5686999546528514e-03,1.9887486307402523e-02,7.3760864055692682e-02,9.6810939048993086e-02,
8.3585910191516388e-01,9.6431134243743677e-01,1.2950353583963306e-02,2.1983948292144083e-02,3.2105452777878497e-02,1.0392895624917651e+00,1.5871990790680354e-02,2.4178862887725847e-02,3.2049776001891128e-02,1.4091225341693836e-01,2.0182616927347929e-01,9.6793312532897496e-03,1.9066934004806052e-01,1.9279805074571793e-01,2.5379793951625007e-01,
1.5308923159446738e-01,9.6616898868057932e-01,1.2222073136750654e-02,2.1577386805646945e-02,3.2380354497692214e-02,1.0405943210448982e+00,1.3620560406556020e-02,2.1581596930915482e-02,3.3264729304432410e-02,9.7479183394450011e-02,5.5714586436036308e-02,5.4269140026105389e-02,7.4364619768395182e-03,6.1310993687671740e-02,1.0244669653684780e-02,
2.8222085397512897e-01,9.6699071451044183e-01,1.2983486754459593e-02,2.2066472151603699e-02,3.2060360509750307e-02,1.0411032553984576e+00,1.4402060860765708e-02,2.1240661330127211e-02,3.3606378456420387e-02,9.2339727793649878e-02,1.1736549464135849e-01,1.0490024533238573e-01,5.5689082248011501e-02,1.6826768476248036e-01,3.2144337635429274e-02,
4.3031109400422740e-01,9.6694320121724597e-01,1.2578428778311225e-02,2.1448724614518595e-02,3.1087574520653326e-02,1.0411058505421598e+00,1.3490524789093234e-02,2.1895537882217528e-02,3.3032542484085804e-02,2.1373407673988493e-01,1.3721645209472594e-01,1.4754120722513203e-01,2.4748690034190848e-02,9.3056467004771382e-02,4.0668490389223072e-02,
1.0113716965499580e+00,9.6318202118855512e-01,1.3074393034132404e-02,2.1176253584446705e-02,3.0399487242638291e-02,1.0798934555917268e+00,1.3949446604546967e-02,2.1923225807724444e-02,3.3180512070934372e-02,1.4354300888378874e-01,2.2477380483455511e-01,2.3575947606825937e-01,2.3292926631829217e-01,2.4567763411583279e-01,9.5782934254092192e-02,

