1
1
15
0
(8 0
((0,0,0) (7,7,7) (0,0,0))
((8,0,0) (15,7,7) (0,0,0))
((0,8,0) (7,15,7) (0,0,0))
((8,8,0) (15,15,7) (0,0,0))
((0,0,8) (7,7,15) (0,0,0))
((8,0,8) (15,7,15) (0,0,0))
((0,8,8) (7,15,15) (0,0,0))
((8,8,8) (15,15,15) (0,0,0))
)
8
FabOnDisk: Cell_D_00000 0
FabOnDisk: Cell_D_00000 61527
FabOnDisk: Cell_D_00000 123055
FabOnDisk: Cell_D_00000 184583
FabOnDisk: Cell_D_00000 246112
FabOnDisk: Cell_D_00000 307640
FabOnDisk: Cell_D_00000 369169
FabOnDisk: Cell_D_00000 430698

8,15
6.7630780441023622e-02,8.7466601000477706e-01,6.8193113169722624e-03,1.9039063209046424e-02,2.8251954348406060e-02,9.7431465069646828e-01,8.0534077959609155e-03,1.9128138948299827e-02,2.8138639833447686e-02,-5.3168437451144024e-03,-2.3365711030187655e-02,-6.5351524283098122e-02,-1.0633880008826802e-02,-1.8935448718947735e-02,-1.3045285864088083e-02,
6.7794034356901359e-02,8.3444474606551411e-01,9.7337010287606301e-03,1.9074038981685033e-02,2.8018336906471725e-02,9.4782196786933581e-01,9.9094663309376909e-03,1.8816111953886716e-02,2.7572302259280451e-02,-3.0980229648231300e-02,-3.1838698439926177e-02,-9.3938842873513756e-02,-8.1280994681612664e-03,-3.0071259073757035e-02,-2.0893891165961413e-02,
6.7885049090692540e-02,7.0928361038195276e-01,7.1293390092134340e-03,1.9068553690273791e-02,2.6199020493507266e-02,8.7406906930434136e-01,7.4410272708770415e-03,1.9611894329684625e-02,2.5835234889200174e-02,-1.0594623828635838e-02,-6.2253831274186905e-02,-1.6713617439892373e-01,-3.9461165443925708e-02,-2.5016655009652673e-02,-4.8428531183094432e-02,
6.8743537481773045e-02,5.9604363478461475e-01,9.4663722328163693e-03,1.9153733643978772e-02,2.4899896399998293e-02,8.2041634460822643e-01,8.3094322446818168e-03,1.8903839232496177e-02,2.4716450724838687e-02,-8.4392104332745299e-02,-8.7960200330672714e-02,-2.2159383919688005e-01,-3.2542610535115216e-02,-4.1373957230514444e-02,-8.1153737655609931e-02,
6.7937737012735908e-02,6.0331950614884244e-01,4.9322589755720590e-03,1.4185495264252610e-02,2.6476042193124549e-02,8.2517941272972251e-01,6.6812390729998313e-03,1.5781113351004742e-02,2.6817824267901139e-02,-1.4937874969003367e-02,-8.8331014316719275e-02,-8.5128276393572844e-02,-7.6678033113334848e-02,-1.2567910406421834e-01,-4.6439065651008367e-02,
6.8801596049183067e-02,4.4739752988184467e-01,7.9313190739737603e-03,1.3889345496638918e-02,2.5554186002703410e-02,7.8157085098768442e-01,7.4582870272087405e-03,1.5391230016819113e-02,2.4938938255912368e-02,-1.1827920855389065e-01,-1.2715621672061109e-01,-1.2069994833461484e-01,-5.7032397673158514e-02,-2.0797448831927068e-01,-7.7240061451978884e-02,
6.9633224915219172e-02,1.6118266292311934e-01,4.7137324606899862e-03,1.5124101787539011e-02,2.4347485946647100e-02,7.7462969287110184e-01,6.3953042586358741e-03,1.3970382442115112e-02,2.1952134487421709e-02,-3.9283504787251636e-02,-1.8908567080327393e-01,-1.9426124618089535e-01,-2.4888994661609742e-01,-1.6869059638068340e-01,-1.7041204371570051e-01,
7.3200034512881706e-02,5.7050969000437685e-02,6.7702365251364870e-03,1.4423347835825310e-02,2.2225263873504018e-02,7.7411271857662989e-01,2.9192812343440382e-03,1.1604848286800470e-02,2.0121365837645306e-02,-2.2494777262891108e-01,-2.2579270726291673e-01,-2.2506778808759709e-01,-1.5902664911602221e-01,-2.5881807038626958e-01,-2.5330600670044023e-01,

8,15
9.9648640691691229e-02,9.8020536426787841e-01,1.4184442819476152e-02,2.7615058101873813e-02,3.9118461850212019e-02,1.0478361447089020e+00,1.4823347912916956e-02,2.6940115525055860e-02,3.8621472528863693e-02,3.0228371101557468e-02,5.2603048671816144e-02,4.2361723038427238e-02,1.5353315127032393e-03,7.0149075596685363e-03,2.3641774361463409e-02,
1.1337722180382170e-01,9.7980866803425415e-01,1.6155002078650428e-02,2.7855497640225612e-02,3.9562720103868430e-02,1.0476027023911556e+00,1.4452503309752332e-02,2.7435383193764082e-02,3.8657792213910760e-02,2.1719595762304103e-02,7.5159998974915293e-02,6.3555869847195801e-02,1.0503492166979576e-02,9.7070662191929002e-03,3.7659759718252979e-02,
1.6478545892238855e-01,9.7949033726642698e-01,1.4340236577846374e-02,2.7494143983103285e-02,3.9430412931448167e-02,1.0473753863571196e+00,1.7461874122547186e-02,2.7254646779161017e-02,3.8447129255767064e-02,7.8833819297215668e-02,6.0907329753330366e-02,1.2260155083590114e-01,3.0568345703142537e-03,2.6231528931235610e-02,8.7235358875169033e-02,
2.2437270982361163e-01,9.7639685581346103e-01,1.5630654100456751e-02,2.7598627454181991e-02,3.9912992618419948e-02,1.0451403932952341e+00,1.7257429775066141e-02,2.8614551318453463e-02,3.8495585855127780e-02,5.4401618425681461e-02,8.5828151626097804e-02,1.7557202744848260e-01,4.0363998676705884e-02,4.3736649186426196e-02,1.4439070998161502e-01,
2.2185990658088001e-01,9.7928740670438197e-01,1.4570493808187210e-02,2.7730627979242549e-02,3.8297049667210654e-02,1.0472251437171178e+00,1.5201738504560023e-02,2.6633968469294521e-02,3.9483089859386755e-02,1.2073692480787236e-01,1.9329870862872200e-01,9.2417189232619379e-02,4.3195654122071461e-03,3.2199376686940881e-02,4.3136875467621245e-02,
3.3417332110583975e-01,9.7617190397519116e-01,1.7110568796924346e-02,2.7764330170939058e-02,3.8668764248227877e-02,1.0449735000243743e+00,1.4898742172902766e-02,2.7080815766955944e-02,3.9520471856432766e-02,7.1379810417286416e-02,2.3683013009451415e-01,1.2793338289187284e-01,7.0173803707892640e-02,5.1616649712068655e-02,7.3862697857733389e-02,
7.2556324559132568e-01,9.7359227799277759e-01,1.4975697131636304e-02,2.7616737935890642e-02,3.8627473001976977e-02,1.0432255029079966e+00,1.7898399644195043e-02,2.7101676597824208e-02,3.9383814629782611e-02,2.1726466815023740e-01,1.7325382344316032e-01,1.9164996513069671e-01,1.2506895240215230e-02,1.7163667820084150e-01,1.7354092766904344e-01,
1.0499973793341919e+00,9.6050778501510947e-01,1.6771479234699026e-02,2.7508716329455941e-02,3.8964784136921095e-02,1.1070483483346296e+00,1.7602559739016498e-02,2.7999547700984562e-02,3.9579827396691004e-02,8.1526759780516572e-02,1.8045664617335411e-01,2.3292297949994084e-01,2.5152295929425250e-01,2.5883228146001791e-01,2.5619003312651079e-01,

