1
1
15
0
(8 0
((0,0,0) (7,7,7) (0,0,0))
((8,0,0) (15,7,7) (0,0,0))
((0,8,0) (7,15,7) (0,0,0))
((8,8,0) (15,15,7) (0,0,0))
((0,0,8) (7,7,15) (0,0,0))
((8,0,8) (15,7,15) (0,0,0))
((0,8,8) (7,15,15) (0,0,0))
((8,8,8) (15,15,15) (0,0,0))
)
8
FabOnDisk: Cell_D_00000 0
FabOnDisk: Cell_D_00000 61527
FabOnDisk: Cell_D_00000 123055
FabOnDisk: Cell_D_00000 184583
FabOnDisk: Cell_D_00000 246112
FabOnDisk: Cell_D_00000 307640
FabOnDisk: Cell_D_00000 369169
FabOnDisk: Cell_D_00000 430698

8,15
1.1268713060634736e-01,8.8727623815454959e-01,-1.7382709659948870e-17,-2.0887471935684507e-17,-3.0536428249982008e-17,9.9996336876089698e-01,-3.0539947947803237e-17,-4.0962740174029486e-17,-3.8644556348621446e-17,-0.0000000000000000e+00,0.0000000000000000e+00,-0.0000000000000000e+00,-0.0000000000000000e+00,-0.0000000000000000e+00,-0.0000000000000000e+00,
1.1268723616659111e-01,8.8727706932490635e-01,-1.6666870052623132e-06,-2.1682048168619567e-17,-2.4356689923084661e-17,9.9996430549149751e-01,-1.6666200530126558e-06,-3.8066154273802141e-17,-2.7210171549836045e-17,-0.0000000000000000e+00,-0.0000000000000000e+00,-0.0000000000000000e+00,-0.0000000000000000e+00,-0.0000000000000000e+00,-0.0000000000000000e+00,
1.1268723616659111e-01,8.8727706932490635e-01,-2.7101991176649271e-17,-1.6666870052743100e-06,-4.3328704890926913e-17,9.9996430549149751e-01,-3.3724080163027118e-17,-1.6666200530169973e-06,-4.8776552346232816e-17,-0.0000000000000000e+00,0.0000000000000000e+00,-0.0000000000000000e+00,-0.0000000000000000e+00,-0.0000000000000000e+00,-0.0000000000000000e+00,
1.1268734166447479e-01,8.8727790000425311e-01,-1.6888930491370092e-06,-1.6888930491528724e-06,-3.4800659966441806e-17,9.9996524166872791e-01,-1.6888260945429333e-06,-1.6888260945511822e-06,-3.5170750277784858e-17,-0.0000000000000000e+00,-0.0000000000000000e+00,0.0000000000000000e+00,-0.0000000000000000e+00,-0.0000000000000000e+00,0.0000000000000000e+00,
1.1268723616659113e-01,8.8727706932490635e-01,-2.3235542489964794e-17,-2.3994736739567802e-17,-1.6666870053071933e-06,9.9996430549149751e-01,-2.1422985355805352e-17,-3.0828702651673657e-17,-1.6666200530372583e-06,-0.0000000000000000e+00,0.0000000000000000e+00,-0.0000000000000000e+00,-0.0000000000000000e+00,0.0000000000000000e+00,-0.0000000000000000e+00,
1.1268734166447479e-01,8.8727790000425311e-01,-1.6888930491567391e-06,-3.2487170245289159e-17,-1.6888930491826482e-06,9.9996524166872791e-01,-1.6888260945550899e-06,-4.1540003086832147e-17,-1.6888260945786802e-06,-0.0000000000000000e+00,-0.0000000000000000e+00,0.0000000000000000e+00,-0.0000000000000000e+00,-0.0000000000000000e+00,0.0000000000000000e+00,
1.1268734166447479e-01,8.8727790000425322e-01,-3.0571378997578900e-17,-1.6888930491787821e-06,-1.6888930491690980e-06,9.9996524166872802e-01,-2.6632153507484721e-17,-1.6888260945747727e-06,-1.6888260945779575e-06,-0.0000000000000000e+00,-0.0000000000000000e+00,0.0000000000000000e+00,-0.0000000000000000e+00,-0.0000000000000000e+00,0.0000000000000000e+00,
1.1268744709996099e-01,8.8727873019229453e-01,-1.7110985477192474e-06,-1.7110985477343517e-06,-1.7110985477389424e-06,9.9996617729225556e-01,-1.7110315907635964e-06,-1.7110315907607008e-06,-1.7110315908016615e-06,-0.0000000000000000e+00,-0.0000000000000000e+00,0.0000000000000000e+00,-0.0000000000000000e+00,-0.0000000000000000e+00,0.0000000000000000e+00,

8,15
1.1269501460620276e-01,8.8733831595995727e-01,1.6666870052611570e-06,1.6666870052603623e-06,1.6666870052801276e-06,1.0000333305661600e+00,1.6666200530088929e-06,1.6666200530236560e-06,1.6666200530099048e-06,-0.0000000000000000e+00,0.0000000000000000e+00,-0.0000000000000000e+00,-0.0000000000000000e+00,-0.0000000000000000e+00,-0.0000000000000000e+00,
1.1269511699914553e-01,8.8733912219164091e-01,2.5944222190849442e-17,1.6888930491439479e-06,1.6888930491633153e-06,1.0000342391907864e+00,2.6631661732430060e-17,1.6888260945655121e-06,1.6888260945591419e-06,-0.0000000000000000e+00,-0.0000000000000000e+00,-0.0000000000000000e+00,-0.0000000000000000e+00,-0.0000000000000000e+00,-0.0000000000000000e+00,
1.1269511699914553e-01,8.8733912219164068e-01,1.6888930491671470e-06,2.3234366038032434e-17,1.6888930491602086e-06,1.0000342391907862e+00,1.6888260945889579e-06,4.1539378117508632e-17,1.6888260945663792e-06,-0.0000000000000000e+00,0.0000000000000000e+00,-0.0000000000000000e+00,-0.0000000000000000e+00,-0.0000000000000000e+00,-0.0000000000000000e+00,
1.1269521932888775e-01,8.8733992792569694e-01,2.6341985646247472e-17,2.2440663798120763e-17,1.7110985477374241e-06,1.0000351472545848e+00,2.3591045157629627e-17,3.2856213374388918e-17,1.7110315907793720e-06,-0.0000000000000000e+00,-0.0000000000000000e+00,0.0000000000000000e+00,-0.0000000000000000e+00,-0.0000000000000000e+00,0.0000000000000000e+00,
1.1269511699914551e-01,8.8733912219164102e-01,1.6888930491594141e-06,1.6888930491443451e-06,2.2078277625991608e-17,1.0000342391907866e+00,1.6888260945811428e-06,1.6888260945581304e-06,3.4447436073592912e-17,-0.0000000000000000e+00,0.0000000000000000e+00,-0.0000000000000000e+00,-0.0000000000000000e+00,0.0000000000000000e+00,-0.0000000000000000e+00,
1.1269521932888776e-01,8.8733992792569705e-01,2.6307108382786758e-17,1.7110985477270157e-06,2.0127404609080446e-17,1.0000351472545848e+00,2.3012609405174575e-17,1.7110315907455036e-06,3.0395041105995301e-17,-0.0000000000000000e+00,-0.0000000000000000e+00,0.0000000000000000e+00,-0.0000000000000000e+00,-0.0000000000000000e+00,0.0000000000000000e+00,
1.1269521932888776e-01,8.8733992792569694e-01,1.7110985477188855e-06,2.7463279837953042e-17,2.8982290423197226e-17,1.0000351472545848e+00,1.7110315907450699e-06,4.1250045373846474e-17,4.2262619864613138e-17,-0.0000000000000000e+00,-0.0000000000000000e+00,0.0000000000000000e+00,-0.0000000000000000e+00,-0.0000000000000000e+00,0.0000000000000000e+00,
1.1269532159539211e-01,8.8734073316183149e-01,3.0967859251169044e-17,2.6306370840211550e-17,3.3642575524715627e-17,1.0000360547572236e+00,4.5446777877336026e-17,2.6486820629861946e-17,3.7631423127437109e-17,-0.0000000000000000e+00,-0.0000000000000000e+00,0.0000000000000000e+00,-0.0000000000000000e+00,-0.0000000000000000e+00,0.0000000000000000e+00,

