1
1
15
0
(8 0
((0,0,0) (7,7,7) (0,0,0))
((8,0,0) (15,7,7) (0,0,0))
((0,8,0) (7,15,7) (0,0,0))
((8,8,0) (15,15,7) (0,0,0))
((0,0,8) (7,7,15) (0,0,0))
((8,0,8) (15,7,15) (0,0,0))
((0,8,8) (7,15,15) (0,0,0))
((8,8,8) (15,15,15) (0,0,0))
)
8
FabOnDisk: Cell_D_00000 0
FabOnDisk: Cell_D_00000 61527
FabOnDisk: Cell_D_00000 123055
FabOnDisk: Cell_D_00000 184583
FabOnDisk: Cell_D_00000 246112
FabOnDisk: Cell_D_00000 307640
FabOnDisk: Cell_D_00000 369169
FabOnDisk: Cell_D_00000 430698

8,15
4.2545633874464958e-02,8.3100722282200046e-01,-2.3261947533591892e-01,-2.3261947533591887e-01,-2.3261947533591892e-01,9.6352589140769795e-01,-5.1550229632829530e-03,-5.1550229632829824e-03,-5.1550229632829798e-03,-0.0000000000000000e+00,-0.0000000000000000e+00,-0.0000000000000000e+00,-0.0000000000000000e+00,-0.0000000000000000e+00,0.0000000000000000e+00,
4.2545633874464965e-02,8.2815031802056349e-01,-3.4619910407020753e-17,-2.2485748313303355e-01,-2.2485748313303358e-01,9.6352589140769773e-01,-3.1173541234903263e-02,-2.9515557817239063e-03,-2.9515557817239128e-03,-0.0000000000000000e+00,0.0000000000000000e+00,-0.0000000000000000e+00,-0.0000000000000000e+00,-0.0000000000000000e+00,0.0000000000000000e+00,
4.2545633874464951e-02,8.2815031802056349e-01,-2.2485748313303355e-01,-2.6349534307318092e-17,-2.2485748313303355e-01,9.6352589140769784e-01,-2.9515557817239137e-03,-3.1173541234903283e-02,-2.9515557817239107e-03,-0.0000000000000000e+00,0.0000000000000000e+00,-0.0000000000000000e+00,-0.0000000000000000e+00,-0.0000000000000000e+00,0.0000000000000000e+00,
4.2545633874464958e-02,8.2553312763906672e-01,-3.9435907266647213e-17,-3.4523028843245727e-17,-2.1974967856393887e-01,9.6352589140769784e-01,-3.1173541234903249e-02,-3.1173541234903290e-02,-7.6317612596350087e-04,-0.0000000000000000e+00,-0.0000000000000000e+00,-0.0000000000000000e+00,-0.0000000000000000e+00,-0.0000000000000000e+00,0.0000000000000000e+00,
4.2545633874464951e-02,8.2815031802056360e-01,-2.2485748313303355e-01,-2.2485748313303361e-01,-3.1554993081589813e-17,9.6352589140769784e-01,-2.9515557817239284e-03,-2.9515557817239328e-03,-3.1173541234903276e-02,-0.0000000000000000e+00,-0.0000000000000000e+00,-0.0000000000000000e+00,-0.0000000000000000e+00,-0.0000000000000000e+00,0.0000000000000000e+00,
4.2545633874464958e-02,8.2553312763906650e-01,-3.6017543099418488e-17,-2.1974967856393895e-01,-4.1850321242771281e-17,9.6352589140769773e-01,-3.1173541234903290e-02,-7.6317612596348179e-04,-3.1173541234903297e-02,-0.0000000000000000e+00,0.0000000000000000e+00,-0.0000000000000000e+00,-0.0000000000000000e+00,-0.0000000000000000e+00,0.0000000000000000e+00,
4.2545633874464951e-02,8.2553312763906650e-01,-2.1974967856393912e-01,-3.7337092923745799e-17,-4.8216306082413745e-17,9.6352589140769784e-01,-7.6317612596347312e-04,-3.1173541234903290e-02,-3.1173541234903290e-02,-0.0000000000000000e+00,0.0000000000000000e+00,-0.0000000000000000e+00,-0.0000000000000000e+00,-0.0000000000000000e+00,0.0000000000000000e+00,
4.2545633874464951e-02,8.2611553479232824e-01,-2.6631373549683802e-17,-3.9995932152506674e-17,-4.9450187668236567e-17,9.6352589140769784e-01,-3.1173541234903270e-02,-3.1173541234903263e-02,-3.1173541234903270e-02,-0.0000000000000000e+00,-0.0000000000000000e+00,0.0000000000000000e+00,-0.0000000000000000e+00,-0.0000000000000000e+00,-0.0000000000000000e+00,

8,15
3.1414597487763518e-01,1.0124071312039491e+00,4.1266491965921587e-17,2.9407754729241851e-17,4.7112058357436869e-17,1.1651375700985245e+00,3.1173541234903263e-02,3.1173541234903270e-02,3.1173541234903283e-02,-0.0000000000000000e+00,-0.0000000000000000e+00,-0.0000000000000000e+00,-0.0000000000000000e+00,-0.0000000000000000e+00,0.0000000000000000e+00,
3.2214235562394622e-01,1.0086916817267986e+00,2.3261947533591892e-01,3.1055286685014910e-17,7.8039576674161927e-17,1.1759355083242329e+00,5.1550229632829720e-03,3.1173541234903256e-02,3.1173541234903290e-02,-0.0000000000000000e+00,0.0000000000000000e+00,-0.0000000000000000e+00,-0.0000000000000000e+00,-0.0000000000000000e+00,0.0000000000000000e+00,
3.2214235562394622e-01,1.0086916817267988e+00,3.5027771896593335e-17,2.3261947533591887e-01,3.3865164913063224e-17,1.1759355083242331e+00,3.1173541234903276e-02,5.1550229632829478e-03,3.1173541234903266e-02,-0.0000000000000000e+00,0.0000000000000000e+00,-0.0000000000000000e+00,-0.0000000000000000e+00,-0.0000000000000000e+00,0.0000000000000000e+00,
3.3065398441190869e-01,1.0050870747741689e+00,2.2485748313303355e-01,2.2485748313303355e-01,5.3918036775337796e-17,1.1872690601675362e+00,2.9515557817239133e-03,2.9515557817239072e-03,3.1173541234903242e-02,-0.0000000000000000e+00,-0.0000000000000000e+00,-0.0000000000000000e+00,-0.0000000000000000e+00,-0.0000000000000000e+00,0.0000000000000000e+00,
3.2214235562394622e-01,1.0086916817267988e+00,3.6633567152237932e-17,3.9399365955967727e-17,2.3261947533591898e-01,1.1759355083242329e+00,3.1173541234903311e-02,3.1173541234903283e-02,5.1550229632829937e-03,-0.0000000000000000e+00,-0.0000000000000000e+00,-0.0000000000000000e+00,-0.0000000000000000e+00,-0.0000000000000000e+00,0.0000000000000000e+00,
3.3065398441190869e-01,1.0050870747741687e+00,2.2485748313303355e-01,5.8749598775362091e-17,2.2485748313303358e-01,1.1872690601675362e+00,2.9515557817239076e-03,3.1173541234903256e-02,2.9515557817239163e-03,-0.0000000000000000e+00,0.0000000000000000e+00,-0.0000000000000000e+00,-0.0000000000000000e+00,-0.0000000000000000e+00,0.0000000000000000e+00,
3.3065398441190869e-01,1.0050870747741687e+00,6.6226595026109018e-17,2.2485748313303358e-01,2.2485748313303353e-01,1.1872690601675362e+00,3.1173541234903249e-02,2.9515557817238946e-03,2.9515557817239089e-03,-0.0000000000000000e+00,0.0000000000000000e+00,-0.0000000000000000e+00,-0.0000000000000000e+00,-0.0000000000000000e+00,0.0000000000000000e+00,
3.3894402174458516e-01,1.0015220226682990e+00,2.1974967856393907e-01,2.1974967856393901e-01,2.1974967856393890e-01,1.1987930917891327e+00,7.6317612596344970e-04,7.6317612596346184e-04,7.6317612596349914e-04,-0.0000000000000000e+00,-0.0000000000000000e+00,0.0000000000000000e+00,-0.0000000000000000e+00,-0.0000000000000000e+00,-0.0000000000000000e+00,

