1
1
15
0
(8 0
((0,0,0) (7,7,7) (0,0,0))
((8,0,0) (15,7,7) (0,0,0))
((0,8,0) (7,15,7) (0,0,0))
((8,8,0) (15,15,7) (0,0,0))
((0,0,8) (7,7,15) (0,0,0))
((8,0,8) (15,7,15) (0,0,0))
((0,8,8) (7,15,15) (0,0,0))
((8,8,8) (15,15,15) (0,0,0))
)
8
FabOnDisk: Cell_D_00000 0
FabOnDisk: Cell_D_00000 61527
FabOnDisk: Cell_D_00000 123055
FabOnDisk: Cell_D_00000 184583
FabOnDisk: Cell_D_00000 246112
FabOnDisk: Cell_D_00000 307640
FabOnDisk: Cell_D_00000 369169
FabOnDisk: Cell_D_00000 430698

8,15
5.84447517025578258e-03,2.74873897627003934e-03,-4.28902481539547090e-02,-5.42907016617888150e-02,-5.52762022954223289e-02,6.14870624967276180e-01,1.24334793382387923e-04,-6.51895574788555372e-03,-1.62277948356290488e-02,-1.19435303132197253e-02,-2.27576175846454509e-02,-3.60959620316516211e-02,-4.67920936191267789e-01,-4.91456114505427033e-01,-5.21700056947878910e-01,
5.76869736095551346e-03,1.87232129809684206e-03,-2.61435337174555985e-02,-5.88321876202431565e-02,-5.93897512525463564e-02,6.19293378666390115e-01,-2.49316874537132138e-02,-1.22447430301323608e-02,-1.86213535901628598e-02,-4.63701608430188428e-01,-2.62094378214220054e-02,-4.20592839554219458e-02,-2.11191182056892912e-02,-4.99607576007872034e-01,-5.33958535307707649e-01,
5.76386752731399346e-03,1.66006291468980991e-03,-6.23068050866183720e-02,-1.19690173138945581e-02,-6.75212021256412775e-02,6.15450112755002721e-01,-3.84490827663381326e-04,-1.02413455533081500e-02,-2.06461129467442710e-02,-1.46582950619313541e-02,-4.64677020281821451e-01,-4.25552391902754429e-02,-5.04986223488341213e-01,-5.34553350530880614e-02,-5.34890259287952308e-01,
5.72318350434729110e-03,1.25329750204982099e-03,-2.37508928426533802e-02,-9.21252495167584201e-03,-7.06437368050389369e-02,6.23392133834596462e-01,-2.69590331099917070e-02,-6.50136623632542598e-03,3.91989889134264878e-03,-4.75029730067560885e-01,-4.63783709269579902e-01,-4.95657543398556957e-02,-2.12042861015289685e-02,-5.45028108055325006e-02,-5.34146740635511597e-01,
5.73864225563613679e-03,1.52090325224823520e-03,-6.83255808111564028e-02,-7.32531929808550170e-02,-1.79703377430991719e-02,6.20655310814504757e-01,8.09541979285854658e-04,-9.14657946779759250e-03,-2.10386696529280409e-02,-1.43442647873887053e-02,-2.71798186742672927e-02,-4.44334397444294649e-01,-5.18865355423072994e-01,-5.08415627323032360e-01,-8.27062524166022883e-02,
5.71615868099499980e-03,1.19422118295400685e-03,-2.30907358105678778e-02,-7.34104134182707035e-02,-1.28077863355229773e-02,6.24495844356580454e-01,-1.73258573801134790e-02,-7.97531201651130624e-03,-4.02693394785252207e-03,-4.76331515564188623e-01,-3.13012851157141725e-02,-4.58834789514851682e-01,-2.01113634222474594e-02,-5.48347626738398430e-01,-7.66668117459770593e-02,
5.72995621532629111e-03,1.09181585325049727e-03,-7.36169735764528321e-02,-3.99467010649809297e-03,-1.14193246356033475e-02,6.23885383230584178e-01,-2.71676564370373474e-03,-4.67660752511303394e-03,-8.03405691040040039e-03,-1.73978003749127100e-02,-4.62551961632153841e-01,-4.64758008027774949e-01,-5.62423224636745656e-01,-4.42097853284961761e-02,-7.16285142606827019e-02,
5.73292865223043457e-03,6.76173836598693823e-04,-1.94470454158433420e-02,-3.98538539584395758e-03,-5.54096204778369798e-03,6.24156915889938491e-01,-1.93124708551822774e-02,-5.15217764699008735e-03,2.93071774261832816e-03,-4.74988963616298387e-01,-4.64644938150274189e-01,-4.88664548656859932e-01,-2.50168861930127884e-02,-5.08713990853312814e-02,-6.96568290228214843e-02,

8,15
1.17290570731411714e+00,1.10154639665667387e+00,3.58864477928695774e-02,4.39615808748691841e-02,7.59959813466864753e-02,1.17565444629038729e+00,1.67867672770593140e-02,1.87433475950804194e-02,2.64549563491795862e-02,4.43022155061260747e-01,4.38716956891678056e-01,4.73053426923230769e-01,1.50094767381393876e-03,3.00181127147665892e-03,5.45521652353006970e-03,
1.18906828084301686e+00,1.09725446215574296e+00,5.04333904072912231e-02,4.97647985040818308e-02,7.98790296046225923e-02,1.19094060214111375e+00,8.33354016510539850e-03,2.34659562711355303e-02,3.02034444186529694e-02,1.53052800695431916e-02,4.58913337861827864e-01,4.72496149107985097e-01,4.90950149083005938e-01,3.66280600110671043e-03,6.47335927347833344e-03,
1.19331160444730933e+00,1.09211474970299860e+00,3.55934683006886785e-02,7.00632804868418224e-02,7.98893925720347287e-02,1.19502375403646877e+00,3.11510900967457358e-02,2.87732515873733059e-02,3.25429464975503374e-02,4.72337267405137262e-01,3.79748016670675287e-02,4.70876491394568719e-01,1.94551979641412296e-03,5.04687973461548811e-01,6.65965073343282882e-03,
1.20076430994009242e+00,1.08869702043433869e+00,6.83200339935168821e-02,7.84063995619892762e-02,8.66897496096765835e-02,1.20206833014580905e+00,1.72193759333252282e-02,4.06777128524637155e-02,3.38588813271697014e-02,1.62845686475317011e-02,3.91832316393277702e-02,4.73243543764259755e-01,5.29966180770126916e-01,5.21845653070472482e-01,7.86233288398125764e-03,
1.20033014298806684e+00,1.08419422054852843e+00,3.42409186738299107e-02,5.21455397074220561e-02,8.52400678804391687e-02,1.20187021594790666e+00,3.49406214495382866e-02,2.77720360031577830e-02,4.15342505224671754e-02,4.77508521293888766e-01,4.73928259278933894e-01,5.62420787693402868e-02,1.84401996302978582e-03,3.87377724699441116e-03,4.99283436835416483e-01,
1.20583109084642137e+00,1.08215255130170585e+00,7.33608647695577487e-02,5.84298497355959234e-02,8.30579329216731554e-02,1.20702531202937546e+00,4.03322914463236787e-02,6.61472514144577500e-02,5.99259163543924556e-02,1.49106596046739790e-02,4.94862900579154052e-01,5.48459125503073658e-02,5.36313612146323226e-01,4.69105030604627122e-03,5.04672407891294750e-01,
1.20654594243916313e+00,1.07878966868418513e+00,3.39005124024848101e-02,8.64427078062771775e-02,8.89028826560220031e-02,1.20765010777414439e+00,9.16495099810975267e-02,4.91644977322946014e-02,7.10139123028385721e-02,4.97904005643663272e-01,3.19276217175595081e-02,5.35463071429936668e-02,2.38770838539603507e-03,5.28926526049632417e-01,5.07593215810998921e-01,
1.21108342277028425e+00,1.07781631125700494e+00,7.87238494860363902e-02,8.38034050805260972e-02,8.68642554219175578e-02,1.21231705660789335e+00,7.25444931026190953e-02,8.03792124532582974e-02,1.38372822384077776e-01,1.79187093688039714e-02,3.60792922907714544e-02,4.84466529680312799e-02,5.56004710403679381e-01,5.32458444046659762e-01,5.42177585448337496e-01,

