1
1
15
0
(8 0
((0,0,0) (7,7,7) (0,0,0))
((8,0,0) (15,7,7) (0,0,0))
((0,8,0) (7,15,7) (0,0,0))
((8,8,0) (15,15,7) (0,0,0))
((0,0,8) (7,7,15) (0,0,0))
((8,0,8) (15,7,15) (0,0,0))
((0,8,8) (7,15,15) (0,0,0))
((8,8,8) (15,15,15) (0,0,0))
)
8
FabOnDisk: Cell_D_00000 0
FabOnDisk: Cell_D_00000 61527
FabOnDisk: Cell_D_00000 123055
FabOnDisk: Cell_D_00000 184583
FabOnDisk: Cell_D_00000 246112
FabOnDisk: Cell_D_00000 307640
FabOnDisk: Cell_D_00000 369169
FabOnDisk: Cell_D_00000 430698

8,15
7.1108729359121534e-02,8.7109847820569009e-01,7.3440048542751605e-03,1.7527258740490884e-02,3.0171971545287148e-02,9.7360400662827018e-01,9.0801908576262254e-03,1.9727488220340837e-02,2.8873821399324328e-02,-7.1638049987625824e-03,-4.7708971834192732e-02,-4.7269347629082338e-02,-1.2705278924101285e-02,-2.2887743820718332e-02,-2.9267437715854560e-03,
7.0979031025730957e-02,8.1632466797299075e-01,9.0601170530470003e-03,1.8263137548911779e-02,3.0322289133537742e-02,9.3814702969325492e-01,9.5303144763267851e-03,1.9254238801678255e-02,2.8257307677889018e-02,-3.4937907609712202e-02,-7.5137999102563705e-02,-7.7228019185464861e-02,-1.1211818259921147e-02,-4.1574129157350356e-02,-4.8296776331849221e-03,
7.1153884377656823e-02,5.7757306853076817e-01,6.4463617593614724e-03,1.7958988037439793e-02,2.8170397943930493e-02,8.1769632945965887e-01,8.0287756413223044e-03,2.0226339138134861e-02,2.6279158259786488e-02,-2.2171529903586090e-02,-9.0547489509581428e-02,-1.7492330713724874e-01,-8.3967926162452092e-02,-4.5246154727855620e-02,-1.4625861661978535e-02,
7.2004767663995217e-02,3.7787260125448063e-01,8.5317798454455432e-03,1.6999442201775138e-02,2.2096830266434019e-02,7.7821058512093289e-01,7.0609218867471483e-03,1.9557858119975968e-02,2.5411123801040644e-02,-1.2782933582651756e-01,-1.3621455286291417e-01,-2.2260714929579742e-01,-7.9093970489804460e-02,-8.7355332649370954e-02,-2.6525159457388953e-02,
7.1188525179084319e-02,7.6982551593531567e-01,7.0576174679582472e-03,1.5475921790673950e-02,2.7499016543701849e-02,9.0999965947449124e-01,7.1309152401384879e-03,1.5734971947291350e-02,2.8473712360924924e-02,-1.2725855972088418e-02,-1.0894235055219455e-01,-4.6330214309685355e-02,-3.9324496334580170e-02,-6.6281441215764597e-02,-2.1042220867293904e-02,
7.1902699018732502e-02,6.3689447276903899e-01,8.5099857665115099e-03,1.4435117260473069e-02,2.7110287987654379e-02,8.4122285761380333e-01,8.1232157140023482e-03,1.4827582915888780e-02,2.7146115135293913e-02,-7.8545762969254668e-02,-1.7060997436129521e-01,-7.6091512942317432e-02,-3.5404544982295394e-02,-1.2963473222098509e-01,-4.0493424941141276e-02,
7.1515380001029458e-02,2.2098024558182977e-01,5.7909144958742855e-03,1.4909084903265458e-02,2.4045857440252838e-02,7.7968662434593550e-01,5.5514754971810265e-03,1.4225518678163273e-02,2.2553105071010372e-02,-4.9488685015820003e-02,-1.6777508528787446e-01,-1.5111647379674026e-01,-2.5703750712435336e-01,-1.4393839098888678e-01,-1.4649757529981514e-01,
7.3968246086727654e-02,6.2355446404306972e-02,6.2697334075285955e-03,1.4333105454536475e-02,2.0932853415080964e-02,7.7759940064176325e-01,3.7204700126715513e-03,1.1955855153744763e-02,2.0195848269278227e-02,-2.2238038496049187e-01,-2.2854702347863265e-01,-1.6536450821131490e-01,-2.0046668948893079e-01,-2.5087725935746286e-01,-2.4650908885324957e-01,

8,15
1.0250552842258014e-01,9.7283701655475729e-01,1.3347233623137424e-02,2.5465812390436406e-02,3.6468724782406425e-02,1.0439593710361179e+00,1.4780497607606450e-02,2.5061655942376946e-02,3.5754645572503720e-02,3.5480336271034627e-02,6.2791010896141225e-02,1.0254972035842247e-02,2.0993693336488961e-03,1.6034746618007165e-02,1.7276101945691145e-02,
1.2182236172026420e-01,9.7319261467818152e-01,1.4709003626653516e-02,2.5651077728481381e-02,3.6633265492945696e-02,1.0441716457039125e+00,1.4703017060526010e-02,2.5416392131258229e-02,3.5753802846326899e-02,2.9076569597590377e-02,9.9524448000492927e-02,1.6836716654850648e-02,1.2565800245142190e-02,2.7318762683027874e-02,3.2428447111560316e-02,
2.4012326092889066e-01,9.7276907151891923e-01,1.3707671762902794e-02,2.4947543078947761e-02,3.6466138693079707e-02,1.0439484193078905e+00,1.6845345793032117e-02,2.5475949352194188e-02,3.5328167587902602e-02,1.2441013271702653e-01,8.6044001677701015e-02,4.7041996224374549e-02,6.7610734968568511e-03,4.4890553092143695e-02,1.1882425282505718e-01,
4.0140821981888936e-01,9.6979267738924280e-01,1.5085270889458486e-02,2.5035493120690994e-02,3.6586616546313656e-02,1.0417974450532381e+00,1.7264685783426249e-02,2.7042039723561107e-02,3.5317412113447473e-02,9.2469467952176448e-02,1.2982816283816101e-01,7.8753067848806702e-02,8.7178857403730908e-02,8.7254144120369873e-02,2.2394443959541072e-01,
1.4017414353917562e-01,9.7255884732987607e-01,1.3034138350882386e-02,2.4910769205567972e-02,3.5528084408789011e-02,1.0437639496491780e+00,1.4879087653246392e-02,2.4248848121149233e-02,3.6738078277513346e-02,8.4139883112100439e-02,1.4164834008581295e-01,5.2791440384105139e-02,3.6815834261264683e-03,4.4586648856325323e-02,1.8910986530435717e-02,
2.0432838484476434e-01,9.6998476520733901e-01,1.4258435819603187e-02,2.5031873847934823e-02,3.5372810445230100e-02,1.0419499398862595e+00,1.4927399933867011e-02,2.4557373498958892e-02,3.6884881090577054e-02,6.3936057561433363e-02,2.1247395664959817e-01,8.2846142921989219e-02,3.7184342350043670e-02,8.4520754760350536e-02,3.8177262423211150e-02,
6.1314327346994535e-01,9.7164549307171677e-01,1.3997243249495597e-02,2.4597354336734430e-02,3.5294294808028974e-02,1.0431608730727462e+00,1.6368061832566356e-02,2.5033057174918712e-02,3.6595984475837402e-02,2.2720194064518928e-01,1.7270597704338242e-01,1.8046585029283163e-01,1.6273558835615078e-02,1.3543740070261095e-01,1.4721741665815724e-01,
1.0323589715649073e+00,9.6284593002123797e-01,1.5163910060521694e-02,2.4542786293758032e-02,3.5364791790366286e-02,1.0947144179692143e+00,1.6719471434233368e-02,2.5719065901279151e-02,3.6859921743277672e-02,1.0530420459701123e-01,2.2048220167145707e-01,2.2995869448917899e-01,2.5290576284180011e-01,2.5045469179347563e-01,2.6001797019622896e-01,

