1
1
15
0
(8 0
((0,0,0) (7,7,7) (0,0,0))
((8,0,0) (15,7,7) (0,0,0))
((0,8,0) (7,15,7) (0,0,0))
((8,8,0) (15,15,7) (0,0,0))
((0,0,8) (7,7,15) (0,0,0))
((8,0,8) (15,7,15) (0,0,0))
((0,8,8) (7,15,15) (0,0,0))
((8,8,8) (15,15,15) (0,0,0))
)
8
FabOnDisk: Cell_D_00000 0
FabOnDisk: Cell_D_00000 61527
FabOnDisk: Cell_D_00000 123055
FabOnDisk: Cell_D_00000 184583
FabOnDisk: Cell_D_00000 246112
FabOnDisk: Cell_D_00000 307640
FabOnDisk: Cell_D_00000 369169
FabOnDisk: Cell_D_00000 430698

8,15
8.42276356530173576e-03,5.06204298243603649e-04,-4.34343831005697817e-02,-3.42556486605507388e-02,-2.82120749859285785e-02,6.26919565987286598e-01,-4.27628053545217254e-03,-8.61100863857643681e-04,4.49334357570247648e-03,-6.88886193904867696e-03,-2.62526131545581590e-02,-5.27481677182083386e-02,-5.03951817610781561e-01,-5.13274877813699404e-01,-5.32985996739725909e-01,
8.36950763126582953e-03,-3.37106134936844732e-04,-5.58618057564721354e-03,-3.40113457385364665e-02,-2.75865503589305186e-02,6.23678640246143057e-01,-8.01932998446396317e-02,-7.15330302370857374e-02,-7.66939150052154683e-02,-4.49895660311364076e-01,-3.31580599111543500e-02,-6.01275717156192213e-02,-3.96536538052334464e-02,-5.41670170928467476e-01,-5.71671535625941418e-01,
8.59280992364155373e-03,-7.39551318280812263e-04,-3.82297645057630281e-02,-9.40606227888336408e-03,-1.69156955204507603e-02,6.29993998490705476e-01,-9.40046139293563288e-02,-1.78036140664055709e-01,-8.25153131231672887e-02,-1.27021894296471434e-02,-4.55237133238032943e-01,-6.22854801831570840e-02,-5.32432295939964662e-01,-7.46898444224138314e-02,-5.85384229921681487e-01,
8.50099703670420710e-03,-1.00769188148381369e-03,-4.10790706135366699e-03,-4.36249036503684635e-03,-2.26058650714188042e-02,6.26277789572331267e-01,-2.24677526521554677e-01,-7.17838118767757938e-01,-1.71022037093309853e+00,-4.73033530751626796e-01,-4.61482953430111698e-01,-7.18163872936399411e-02,-3.53189768858406389e-02,-7.53342913239426759e-02,-6.08426671000117603e-01,
8.66479070234950702e-03,-3.38861507283574111e-03,-3.46186370459219961e-02,-3.39995364428085020e-02,-6.86116452093878115e-03,6.27702249993669636e-01,-2.66341465804974642e-01,-3.77983624368568139e-01,-2.21288790256585610e+00,-1.42013913783893275e-02,-3.64561589985363949e-02,-4.42730029522016955e-01,-5.33287051923571509e-01,-5.66615510816677825e-01,-1.24231898880378291e-01,
8.52020352524893339e-03,-4.51917873295202069e-03,-1.02625134082432509e-02,-3.34324263946869510e-02,-1.72749986490041592e-02,6.31416958519940508e-01,-1.24778612400117339e-01,-1.65541244143247196e-01,-1.70866015652664516e-01,-4.79868318150982520e-01,-4.57647512630063452e-02,-4.53370845778550802e-01,-5.53209417961109395e-02,-5.70416747414491887e-01,-1.24771606900050930e-01,
8.79607206021981204e-03,-6.67487104586931591e-03,-3.41651148074492150e-02,-1.11265619830223164e-02,-2.07520732071048934e-03,6.17885174655766534e-01,-5.28085130766259181e-01,-1.74035395642559587e+00,-7.02835150406211140e-01,-2.13657672250867417e-02,-4.67272230178360615e-01,-4.62370013491130882e-01,-5.88784913316395042e-01,-7.28705397418595996e-02,-1.22728676511866780e-01,
8.67362739215259831e-03,-7.03052979775740938e-03,-1.17993479699428673e-02,-1.55176762033445124e-02,-1.00679139736487670e-02,6.20755046406453848e-01,-2.18777586570770399e+00,-7.46810475130399531e+00,-2.01674109249497313e+00,-4.82785398890654194e-01,-4.67702154066100217e-01,-4.89396166809303645e-01,-4.15774232722623954e-02,-7.63504356235547160e-02,-1.20628539232376264e-01,

8,15
1.23034526700446323e+00,1.06885372486910657e+00,2.55914036948271875e-02,2.90279953298931206e-02,4.28853400696597165e-02,1.23085147130270678e+00,3.42184850291657683e-01,6.06655346632743786e-01,8.18961786619848642e-01,4.34366382256560213e-01,4.60056011017641930e-01,4.84312658594573453e-01,1.66045967617057134e-03,2.87141305562360789e-03,4.92680688031126197e-03,
1.25713115453539093e+00,1.07442574140135050e+00,4.95423766426987544e-02,2.98497938612244038e-02,4.39881980507091305e-02,1.25679404840045406e+00,1.10620783911463100e-01,5.07427438591560170e-02,2.41324230080152066e-02,2.58362465302530639e-02,4.64093143118926910e-01,4.99637930128681573e-01,4.79035370053755072e-01,3.45742695330630021e-03,5.90782624703461035e-03,
1.28624774587825752e+00,1.06735528772548061e+00,2.23625737105686666e-02,5.17312588530455669e-02,4.08679289410650154e-02,1.28550819455997667e+00,1.06734672276714709e-01,2.28169438626028356e-02,2.36130737048433570e-01,4.41450426931932205e-01,4.74028150942183771e-02,5.02177926591922397e-01,2.12527903818623010e-03,5.12050841503028376e-01,6.69980908054874664e-03,
1.27872144538726373e+00,1.06900599778907446e+00,4.88817354054315034e-02,5.84969241813959873e-02,4.12032854952781025e-02,1.27792460689701626e+00,4.80551694726032819e-01,1.88928635740399475e-01,1.25906962367550279e-01,2.51295298595619609e-02,5.05355727992762363e-02,5.05450025061530916e-01,5.35831890633016172e-01,5.40054574050145231e-01,7.92935761440948482e-03,
1.30862999354491572e+00,1.06860738264647037e+00,2.33253786076231054e-02,3.29084840653939836e-02,6.85372011841056672e-02,1.30524137847207999e+00,2.03529581735188803e+00,1.82062084663286461e+00,3.22581184619592787e-02,4.65448282602324959e-01,4.65652742485765769e-01,8.06232623435301360e-02,2.12519225297269848e-03,3.99010633618908199e-03,5.43768487933621758e-01,
1.30868424429295316e+00,1.07455457047398184e+00,4.72935867395611817e-02,6.47615771367016646e-02,9.02159629456198708e-02,1.30691402632166409e+00,4.85685341223143219e-01,5.07201711132325775e-02,1.24364527658741578e-01,2.85120125846959754e-02,4.76179669638436887e-01,7.38834638194147270e-02,5.62344742953094778e-01,4.75244328615641743e-03,5.60934878753957422e-01,
1.33297130972257660e+00,1.06614616916646310e+00,1.94348896519345414e-02,5.28201983756303450e-02,6.18264658835471353e-02,1.32838995467107002e+00,2.66710551134434204e-01,6.40215356369662897e-02,6.00704218631562953e-02,5.00998508639412088e-01,5.11403202562265569e-02,7.76701485641859146e-02,2.63012566276876747e-03,5.54735751358442997e-01,5.52080008619278972e-01,
1.30894747748916385e+00,1.06750396022548100e+00,3.61517506151237747e-02,6.21975434540732591e-02,5.79934796061658819e-02,1.30856297241622022e+00,1.06705995971921741e+00,7.50832268722903762e-01,2.89940167533640114e+00,2.51098656562233069e-02,5.34089011210112999e-02,7.52122185838708518e-02,5.90033283765096561e-01,5.54250702867357337e-01,5.96625991362436103e-01,

