1
1
15
0
(8 0
((0,0,0) (7,7,7) (0,0,0))
((8,0,0) (15,7,7) (0,0,0))
((0,8,0) (7,15,7) (0,0,0))
((8,8,0) (15,15,7) (0,0,0))
((0,0,8) (7,7,15) (0,0,0))
((8,0,8) (15,7,15) (0,0,0))
((0,8,8) (7,15,15) (0,0,0))
((8,8,8) (15,15,15) (0,0,0))
)
8
FabOnDisk: Cell_D_00000 0
FabOnDisk: Cell_D_00000 61527
FabOnDisk: Cell_D_00000 123055
FabOnDisk: Cell_D_00000 184583
FabOnDisk: Cell_D_00000 246112
FabOnDisk: Cell_D_00000 307640
FabOnDisk: Cell_D_00000 369169
FabOnDisk: Cell_D_00000 430698

8,15
6.8693570512329702e-02,8.7160617135148422e-01,6.8871625810253594e-03,1.8625175135080187e-02,2.9009856590662166e-02,9.7279184388828810e-01,8.3700891409935006e-03,1.9349084734153605e-02,2.8445008374558954e-02,-5.8319259681588465e-03,-2.8278797529304900e-02,-6.1969000513915441e-02,-1.1406407200928750e-02,-2.0415206091991399e-02,-8.9614526120476122e-03,
6.8752362969519212e-02,8.2710479797163361e-01,9.5333520693378204e-03,1.9609972719616509e-02,2.8942681136153066e-02,9.4368678236645476e-01,9.7889198902098556e-03,1.8983907674199951e-02,2.7848975612401981e-02,-3.2520795680054962e-02,-4.0054495508438356e-02,-9.1738145514381725e-02,-9.0736215798619263e-03,-3.3575293727940006e-02,-1.4540394743420346e-02,
6.8852722519577608e-02,6.7456619448841137e-01,6.9109841460251956e-03,1.9449223435301196e-02,2.6883026327947746e-02,8.5712886543540212e-01,7.5926222085328258e-03,1.9902688292384327e-02,2.6063917410147776e-02,-1.2944369287990740e-02,-6.8109082189281189e-02,-1.7366368763870721e-01,-4.9074898235527700e-02,-2.8817270224067756e-02,-3.6507469903037507e-02,
6.9690645258756165e-02,5.3958221664684669e-01,9.5288504659162953e-03,1.9231489886196659e-02,2.5200242163620094e-02,8.0124484921030925e-01,7.9303674131542320e-03,1.9190258698664499e-02,2.4900796216879528e-02,-9.6445540870842797e-02,-9.6901141101931765e-02,-2.2939413832534644e-01,-4.2015747261837710e-02,-4.9805833771618721e-02,-6.2727703370585169e-02,
6.8917191443953307e-02,6.5424585651450473e-01,5.5921676262087362e-03,1.4402371436106272e-02,2.6976994551980677e-02,8.4775511959381689e-01,6.7880148714827386e-03,1.5701378008787858e-02,2.7446600974605793e-02,-1.4318222923796489e-02,-9.3713272397087599e-02,-7.5873520163532882e-02,-6.5655710022947233e-02,-1.0827120705995019e-01,-3.8090193624232591e-02,
6.9689438978920631e-02,4.9949207156119430e-01,8.0746082828945954e-03,1.3896448112686565e-02,2.6221612656511298e-02,7.9185455447552888e-01,7.7145728278762331e-03,1.5157503951065448e-02,2.5564025964207787e-02,-1.0774108306965824e-01,-1.3807606075710768e-01,-1.1096016674779011e-01,-5.1557111551128722e-02,-1.8817659901385447e-01,-6.6310553093664709e-02,
7.0084939729740323e-02,1.7357308534406404e-01,5.0494210906917442e-03,1.4905324706331435e-02,2.4307393037139514e-02,7.7676294974762916e-01,6.3548396816767751e-03,1.4106320586047549e-02,2.2220366458662408e-02,-4.1735327801834678e-02,-1.8477280050941869e-01,-1.8723763038781596e-01,-2.5541645731244628e-01,-1.5606343881564244e-01,-1.6957715746755381e-01,
7.3824804903194749e-02,5.7386992555459281e-02,6.6650156359323986e-03,1.4303205649974535e-02,2.2014580711076617e-02,7.7556386978069369e-01,3.0174906183697971e-03,1.1910605721930978e-02,2.0541669223216034e-02,-2.2541408863691895e-01,-2.1965398888728488e-01,-2.1149791824252340e-01,-1.7097716912433039e-01,-2.5401402233809389e-01,-2.5865905549412554e-01,

8,15
1.0118567253680384e-01,9.7784834508602336e-01,1.4021520915596565e-02,2.7130785801151702e-02,3.8400732606460569e-02,1.0465727911753986e+00,1.4804367934980614e-02,2.6434411891081373e-02,3.7841742594549720e-02,3.2133152541521090e-02,5.6204655517018066e-02,3.0152144219926430e-02,1.6893057393605315e-03,8.7009587242269319e-03,2.2616560148260002e-02,
1.1658198439482115e-01,9.7777022234455724e-01,1.5871025957983110e-02,2.7303511449293705e-02,3.8702949301293386e-02,1.0465225853140765e+00,1.4478355772767090e-02,2.6895997393372229e-02,3.7874156064090184e-02,2.3935470978312369e-02,8.2394770407676038e-02,4.6661834968863850e-02,1.1223431343258879e-02,1.2654339497465309e-02,3.7487605176138722e-02,
1.8256267094699072e-01,9.7759583501795122e-01,1.4161539791850291e-02,2.6884869986248762e-02,3.8567962968601127e-02,1.0464485575375289e+00,1.7453499433260210e-02,2.6785732216582630e-02,3.7625982992874688e-02,9.0018509003187641e-02,6.7681480519885442e-02,1.0008439294041643e-01,3.7803318831363952e-03,3.0842938736258242e-02,9.7403578825232498e-02,
2.6166263256346256e-01,9.7448970937110835e-01,1.5414797514103563e-02,2.6957614641485963e-02,3.8990498621027762e-02,1.0441803546298645e+00,1.7430403063939250e-02,2.8155897573418777e-02,3.7660113242343321e-02,6.4011387716062032e-02,9.7282127813199198e-02,1.4988887107996562e-01,4.9329178486497684e-02,5.3614565355299015e-02,1.6696416469298306e-01,
1.9350926307931210e-01,9.7718298512283219e-01,1.4261178246081229e-02,2.7021355498082347e-02,3.7450933537351995e-02,1.0461001765667854e+00,1.5099665695499651e-02,2.6024018312108488e-02,3.8740122840114931e-02,1.1160542876700172e-01,1.8322226614434536e-01,8.2198244515422542e-02,4.1282691408612024e-03,3.5112779022211826e-02,3.4324205980482234e-02,
2.9236248291433453e-01,9.7434226963668102e-01,1.6497606976801978e-02,2.6952645262445379e-02,3.7759357660553980e-02,1.0440317086156017e+00,1.4896753342742288e-02,2.6399427917900467e-02,3.8811197776391984e-02,7.1538781908546206e-02,2.3683963041955117e-01,1.1308002390205880e-01,5.9390887033662063e-02,5.8681936504936777e-02,6.1742743544424751e-02,
6.9979779378358575e-01,9.7338776947740135e-01,1.4686585782718316e-02,2.6756754179691783e-02,3.7692420564075284e-02,1.0434727092071416e+00,1.7507169404654695e-02,2.6569811507376480e-02,3.8644927913242477e-02,2.2119018616911174e-01,1.7835045341676892e-01,1.9285534471184090e-01,1.3366482556663423e-02,1.6393274717335451e-01,1.6274707987860226e-01,
1.0500384721462992e+00,9.5987318446157843e-01,1.6489630042169558e-02,2.6658632165795157e-02,3.7972560452288140e-02,1.1074254647017585e+00,1.7362504106696409e-02,2.7318111140925676e-02,3.8857363598110456e-02,8.7233712899825261e-02,1.9283343831194416e-01,2.2601343935037113e-01,2.5376437338211166e-01,2.5314015870255757e-01,2.5866054000638894e-01,

