1
1
15
0
(8 0
((0,0,0) (7,7,7) (0,0,0))
((8,0,0) (15,7,7) (0,0,0))
((0,8,0) (7,15,7) (0,0,0))
((8,8,0) (15,15,7) (0,0,0))
((0,0,8) (7,7,15) (0,0,0))
((8,0,8) (15,7,15) (0,0,0))
((0,8,8) (7,15,15) (0,0,0))
((8,8,8) (15,15,15) (0,0,0))
)
8
FabOnDisk: Cell_D_00000 0
FabOnDisk: Cell_D_00000 61527
FabOnDisk: Cell_D_00000 123055
FabOnDisk: Cell_D_00000 184583
FabOnDisk: Cell_D_00000 246112
FabOnDisk: Cell_D_00000 307640
FabOnDisk: Cell_D_00000 369169
FabOnDisk: Cell_D_00000 430698

8,15
6.0320207364823368e-03,4.4205738210443511e-02,-2.3584725605035328e-01,-2.0715001454213022e-01,-1.8541850674431018e-01,7.0207226859710825e-01,-2.1749391119993019e-02,-1.9303261561716863e-02,-1.7113329134925165e-02,-7.6679252219853666e-03,-4.1288751168962329e-03,-5.5219505631227267e-03,-2.6820146674650719e-01,-2.6719135412449346e-01,-2.6411005675853316e-01,
6.1503131111473658e-03,3.7806214685693368e-02,-8.6884288591684532e-03,-2.1620032352890173e-01,-1.9792886672770649e-01,6.9758734936993094e-01,-5.6870753529527862e-02,-1.8120261311037746e-02,-1.5906309112617537e-02,-3.0308720241779091e-01,-6.1410582431717792e-03,-7.9880043542572970e-03,-3.6435469787963054e-03,-2.8596364256493373e-01,-2.8401462836782537e-01,
6.2649307133532820e-03,3.2412841918203934e-02,-2.5619269577038828e-01,-1.5574892733952560e-02,-2.0186898330759206e-01,6.9829516033588690e-01,-2.0464309636224861e-02,-4.7191108156708163e-02,-1.6277644989288308e-02,-5.9256314365554730e-03,-3.2156154413267979e-01,-1.2403870877400275e-02,-2.9268502156877152e-01,-2.7108670862682593e-02,-2.9237811347343923e-01,
6.2860383339165306e-03,2.7002517977248161e-02,-8.2459964239183850e-03,-1.4931853034799627e-02,-2.0860617635816375e-01,6.9822209233848598e-01,-8.7125764427079949e-02,-6.6059954185143488e-02,-1.5238422713257817e-02,-3.1725309122539647e-01,-3.2841262100534313e-01,-1.2781769445498734e-02,-9.8016182980805444e-03,-2.9195778374276574e-02,-3.1188092989572413e-01,
6.2341253193791404e-03,2.5975055329667145e-02,-2.5361125174552773e-01,-2.2521817530236141e-01,-2.5138980823309579e-02,7.0467355842439106e-01,-2.0863567287572108e-02,-1.7902488660169281e-02,-5.7374431901299282e-02,-8.2141647365124026e-03,-1.1236733016779701e-02,-3.3458755586893707e-01,-3.0349541959339105e-01,-3.0609470321386067e-01,-5.0178495067716655e-02,
6.1579482776065921e-03,2.0477012916459921e-02,-1.0202651305545362e-02,-2.2406807517614435e-01,-2.1081107516579586e-02,7.0232926210988933e-01,-1.1057417884548076e-01,-1.7012173583978222e-02,-8.8056619269121783e-02,-3.2158311997877714e-01,-1.1493212970658639e-02,-3.3728582263525980e-01,-1.2853011819164442e-02,-3.2459402241210844e-01,-5.3448483484476630e-02,
6.1318988117654797e-03,1.7179231342124481e-02,-2.6398656602759896e-01,-1.7101997662875502e-02,-2.7078055874325904e-02,6.9962778817947968e-01,-2.0426994390815620e-02,-1.2150011763029281e-01,-1.1035825960433893e-01,-9.8918365875829833e-03,-3.3725641771963366e-01,-3.4331039303602290e-01,-3.2568388733201226e-01,-3.6066583454183877e-02,-5.7020390895028729e-02,
6.1529430472479323e-03,1.3212128940960266e-02,-7.7983846964422045e-03,-1.5103215755636034e-02,-2.2540738080895677e-02,6.9013831459744912e-01,-1.7717625532214815e-01,-1.7847506878803354e-01,-1.7309678649967480e-01,-3.3185523859616622e-01,-3.4426162343286776e-01,-3.4915540354570418e-01,-1.6029736224930008e-02,-3.6851211129243278e-02,-5.9808102837034430e-02,

8,15
9.1450399756803979e-01,1.1114942511706460e+00,7.1885725318508037e-02,1.4343243745746159e-01,2.1773415384552774e-01,1.1200313603647893e+00,8.1881374402781038e-02,8.2424083167011872e-02,1.1162115272154435e-01,2.8173059435825754e-01,2.8109982270704725e-01,2.8918312474519403e-01,1.7047641079280123e-03,4.3321282596863785e-03,8.1745698667612943e-03,
9.2554199044111574e-01,1.1084395788110166e+00,2.6560929729780125e-01,1.4684400594673766e-01,2.2115371261505745e-01,1.1158346957058149e+00,2.7812262035968760e-02,9.4499110633463279e-02,1.3438796713024145e-01,2.4103309816450272e-02,2.8504741786800158e-01,2.9046884157883579e-01,2.7987524142035303e-01,4.6832223585602005e-03,8.8414914963294584e-03,
9.3524501571874641e-01,1.1117112286439925e+00,7.5346365020189265e-02,2.8016017252305736e-01,2.2133845103844077e-01,1.1209285092882391e+00,1.1032871015001876e-01,5.6986383354865361e-02,1.4706974671162876e-01,2.9817244653386654e-01,3.1494125631926689e-02,2.9426636100089187e-01,1.4780307249797472e-03,2.9314506080496894e-01,9.0313663740057039e-03,
9.4158039821145645e-01,1.1101624413234568e+00,2.9333447994660011e-01,2.8378140791974782e-01,2.2695822979615132e-01,1.1193300494859162e+00,3.1324053086841191e-02,6.0013741281415539e-02,1.7624057837153556e-01,1.9505419194303014e-02,2.7575433676553254e-02,2.9825333189707881e-01,2.9576213844155774e-01,2.9918346880197444e-01,9.7436276263969356e-03,
9.5680076527556379e-01,1.1157375548189183e+00,7.4675913400096633e-02,1.4829729799098218e-01,3.0326935374302455e-01,1.1248541064039703e+00,1.3100157137262314e-01,1.2993462492291130e-01,8.7032368248469688e-02,3.0240064138856937e-01,2.9222079472976148e-01,3.9002652777095581e-02,1.5214056274699237e-03,5.2484198935112501e-03,2.9454024316747052e-01,
9.6347462117111027e-01,1.1135227924443656e+00,2.9292196207513366e-01,1.5404684634598370e-01,3.0412507452344861e-01,1.1221405475137964e+00,3.3165525135823971e-02,1.5826415486596018e-01,9.1540148307313662e-02,1.7998752693347317e-02,3.0570182819854336e-01,3.3857790430378606e-02,3.0726358106768481e-01,5.6478145891781691e-03,3.1259043298843370e-01,
9.8111951251543728e-01,1.1149740494518081e+00,8.7299787253342753e-02,2.9965887316057060e-01,3.0609909281217534e-01,1.1215211643661227e+00,1.8612436332663371e-01,6.6412509302195832e-02,9.3634048713219051e-02,3.1690137876365992e-01,2.3812876561437032e-02,3.2115374420519677e-02,1.9230842550046236e-03,3.1549780478606404e-01,3.1961561843651876e-01,
9.9337505617991328e-01,1.1156377012149781e+00,3.1479383100083336e-01,3.0384738244567355e-01,3.1881315837786950e-01,1.1277907957856192e+00,3.6736462204895591e-02,6.9737977335904602e-02,9.8786280929804862e-02,2.1607449490549421e-02,2.3627121741974254e-02,2.9229357887396695e-02,3.1728763878732275e-01,3.2266983951912620e-01,3.4145906406920706e-01,

