1
1
15
0
(8 0
((0,0,0) (7,7,7) (0,0,0))
((8,0,0) (15,7,7) (0,0,0))
((0,8,0) (7,15,7) (0,0,0))
((8,8,0) (15,15,7) (0,0,0))
((0,0,8) (7,7,15) (0,0,0))
((8,0,8) (15,7,15) (0,0,0))
((0,8,8) (7,15,15) (0,0,0))
((8,8,8) (15,15,15) (0,0,0))
)
8
FabOnDisk: Cell_D_00000 0
FabOnDisk: Cell_D_00000 61527
FabOnDisk: Cell_D_00000 123055
FabOnDisk: Cell_D_00000 184583
FabOnDisk: Cell_D_00000 246112
FabOnDisk: Cell_D_00000 307640
FabOnDisk: Cell_D_00000 369169
FabOnDisk: Cell_D_00000 430698

8,15
7.0415345941997443e-02,8.6978385248528611e-01,7.1321339979507695e-03,1.7890862628050820e-02,2.9942478968595664e-02,9.7239305431368739e-01,8.8842156102556750e-03,1.9641719284758347e-02,2.8802539936887576e-02,-6.7662759112865067e-03,-4.0481209147658556e-02,-5.2776664490066495e-02,-1.2475329324465873e-02,-2.2452012029506953e-02,-4.1738590501094307e-03,
7.0340898752684053e-02,8.1808779124579456e-01,9.1730543257447696e-03,1.8819094612341058e-02,3.0067296215018458e-02,9.3887442919954733e-01,9.5895753913909851e-03,1.9193653060315667e-02,2.8184114034974887e-02,-3.4569717684440726e-02,-6.1571834017104254e-02,-8.3193642487257052e-02,-1.0663177577496786e-02,-3.9493304258344811e-02,-6.9572865967687993e-03,
7.0462446350683508e-02,6.0764300717940989e-01,6.5191228794398200e-03,1.8391358867886880e-02,2.7814759263152376e-02,8.2853258417616882e-01,7.9064765870469639e-03,2.0184048093696349e-02,2.6230471810936618e-02,-1.8731678407469407e-02,-8.2900586948628424e-02,-1.7759057144947454e-01,-7.1621913683899335e-02,-3.9893939691430048e-02,-2.0023407568728339e-02,
7.1382630542337649e-02,4.2977926605930639e-01,8.8286113745149174e-03,1.7735640769846496e-02,2.2878279428049271e-02,7.8009731807760674e-01,7.2890112020189196e-03,1.9493763838982364e-02,2.5271961583996944e-02,-1.1872040027894329e-01,-1.2404769432807866e-01,-2.2953748648788400e-01,-6.5510250040456366e-02,-7.4068814305088521e-02,-3.5673908275447183e-02,
7.0509431233283335e-02,7.3627534344912504e-01,6.6443851495184836e-03,1.5119052882226232e-02,2.7380024369875595e-02,8.9068377436466362e-01,6.9618823552509129e-03,1.5798168674326978e-02,2.8314914236131888e-02,-1.3258891917675930e-02,-1.0310069242837651e-01,-5.6163162092439517e-02,-4.6177610432414543e-02,-7.7548459785436230e-02,-2.5146022788891595e-02,
7.1235480570848969e-02,5.9590268590475637e-01,8.4081283568007616e-03,1.4246669336848095e-02,2.6942994781781603e-02,8.2375643886027516e-01,7.9997701424293563e-03,1.5033854181848676e-02,2.6725242520423763e-02,-8.7149171837177325e-02,-1.5800854074452891e-01,-8.8163895908004442e-02,-4.0037481224828378e-02,-1.4614724149364547e-01,-4.6784379905776483e-02,
7.1036103185364324e-02,2.0636767948724233e-01,5.5259595142848773e-03,1.4974243947741422e-02,2.4137455166092878e-02,7.7893872900117977e-01,5.7329669704691624e-03,1.4133297213080109e-02,2.2415456391449987e-02,-4.6592072441460367e-02,-1.7346779642734950e-01,-1.6513271437296967e-01,-2.5456433221883279e-01,-1.4839783531075434e-01,-1.4874325573457073e-01,
7.3880893742021878e-02,6.2119141871510380e-02,6.3311838606826655e-03,1.4408884159352193e-02,2.1252586248821863e-02,7.7686955353750720e-01,3.6493176450449897e-03,1.1815584886590770e-02,2.0270701458033051e-02,-2.2291543132861619e-01,-2.2462840679784640e-01,-1.7982634428581726e-01,-1.9058087371577681e-01,-2.4359037441976564e-01,-2.6060326988871518e-01,

8,15
1.0260920182840128e-01,9.7428918493511452e-01,1.3613875605437115e-02,2.6040221958117220e-02,3.7094253920660160e-02,1.0447045308771119e+00,1.4793779079203094e-02,2.5522801808611849e-02,3.6416448814336470e-02,3.4828309795488357e-02,6.1437115422556310e-02,1.4597489132789701e-02,1.9775167232138399e-03,1.3173091166678502e-02,1.9359553715969941e-02,
1.2078663795375280e-01,9.7450215742196100e-01,1.5158001296056170e-02,2.6138037752935848e-02,3.7247062979436030e-02,1.0448725709679689e+00,1.4612429694873955e-02,2.5833374212131232e-02,3.6416664517867660e-02,2.7696379504638064e-02,9.4848989528399597e-02,2.3866360173149415e-02,1.2293016925807943e-02,2.1235795435717037e-02,3.4786820538442675e-02,
2.2088957699675893e-01,9.7423197522712346e-01,1.3834905014420713e-02,2.5617293587393529e-02,3.7096701580917872e-02,1.0447075758934801e+00,1.7156057955532059e-02,2.5876119009812373e-02,3.6069152635034261e-02,1.1254150836293338e-01,7.9820198646680413e-02,6.1833643758674617e-02,5.6288712140318388e-03,4.0457282202091757e-02,1.1379418697696653e-01,
3.5040211887173717e-01,9.7095833459414449e-01,1.5276685512621041e-02,2.5576960197981762e-02,3.7335332094193083e-02,1.0423409651364821e+00,1.7435393610683272e-02,2.7316316649690080e-02,3.6073454985961900e-02,8.3310307670649009e-02,1.1946053635374927e-01,1.0005175522705712e-01,7.3446064359309060e-02,7.5703742917213990e-02,2.0765215896568368e-01,
1.5440843091553857e-01,9.7392330335538480e-01,1.3491283005214530e-02,2.5559581638273640e-02,3.5977358700561721e-02,1.0444343462853396e+00,1.4937348402169063e-02,2.4832426533088314e-02,3.7367782605863001e-02,9.2292020655475621e-02,1.5457370955792915e-01,6.2119164722717758e-02,3.8441328828342607e-03,4.0843004263227081e-02,2.3459001047639844e-02,
2.2785375295551885e-01,9.7130370466957172e-01,1.5050032451037683e-02,2.5542186665695823e-02,3.6118955392838444e-02,1.0425391852404207e+00,1.4886100502111690e-02,2.5174617102827264e-02,3.7511018119980220e-02,6.6902345880672842e-02,2.2109486125879091e-01,9.5537408078167602e-02,4.2838235705945152e-02,7.3766869081367203e-02,4.4956954114454717e-02,
6.3856306732978663e-01,9.7235424260176151e-01,1.4183161660758184e-02,2.5218012933956823e-02,3.6018004647970031e-02,1.0433903457871259e+00,1.6759545779028998e-02,2.5504419429225690e-02,3.7258255137216534e-02,2.2608017679833439e-01,1.7610184904135506e-01,1.7884968049182651e-01,1.5203022640646494e-02,1.4459491220660509e-01,1.5430129088806968e-01,
1.0323155039239815e+00,9.6211275952713460e-01,1.5629555291811124e-02,2.5119413585066988e-02,3.6137744018505571e-02,1.0944346457954919e+00,1.6931951347367906e-02,2.6199346672479890e-02,3.7434440317319427e-02,9.9075326908748831e-02,2.1357769833811915e-01,2.3725579956377724e-01,2.5204742844103462e-01,2.4266118986551402e-01,2.6559242516514942e-01,

