1
1
15
0
(8 0
((0,0,0) (7,7,7) (0,0,0))
((8,0,0) (15,7,7) (0,0,0))
((0,8,0) (7,15,7) (0,0,0))
((8,8,0) (15,15,7) (0,0,0))
((0,0,8) (7,7,15) (0,0,0))
((8,0,8) (15,7,15) (0,0,0))
((0,8,8) (7,15,15) (0,0,0))
((8,8,8) (15,15,15) (0,0,0))
)
8
FabOnDisk: Cell_D_00000 0
FabOnDisk: Cell_D_00000 61527
FabOnDisk: Cell_D_00000 123055
FabOnDisk: Cell_D_00000 184583
FabOnDisk: Cell_D_00000 246112
FabOnDisk: Cell_D_00000 307640
FabOnDisk: Cell_D_00000 369169
FabOnDisk: Cell_D_00000 430698

8,15
6.4963083402168845e-02,8.8470484745748224e-01,6.6309912039206696e-03,1.7220496262835908e-02,2.6198294356002419e-02,9.7985762716772395e-01,7.2880894919328696e-03,1.8444412244683270e-02,2.7267417986949143e-02,-4.4889649235039242e-03,-1.8478720993080650e-02,-6.9349640569890542e-02,-1.2508752719705630e-02,-1.9941397147250989e-02,-2.7475441405046170e-02,
6.5381599607919005e-02,8.5337726759519061e-01,8.9950981941073430e-03,1.6925307697595666e-02,2.5413428819471989e-02,9.5883068873002020e-01,9.2927418412161716e-03,1.8170677694423897e-02,2.6713818962643378e-02,-3.1057978156449520e-02,-2.4267443834457239e-02,-9.4198474046167657e-02,-8.2575678363420481e-03,-3.0966489509994255e-02,-4.2404460213423728e-02,
6.5491886231387103e-02,7.5191945053417719e-01,5.5417332114131267e-03,1.8052255510236408e-02,2.4381200020900769e-02,8.9589989687154648e-01,7.0745972598445445e-03,1.8504622066297789e-02,2.5361191307796151e-02,-8.3976270615280096e-03,-5.5052218294549517e-02,-1.5119760125951504e-01,-3.9275761187312255e-02,-2.3966603217361111e-02,-8.5076232493500339e-02,
6.6349272771695431e-02,6.5591010848431786e-01,8.8233202722711058e-03,1.7778297198273615e-02,2.3381941859417717e-02,8.4539287955859321e-01,8.0295685405520466e-03,1.7810569822697284e-02,2.4337975119153057e-02,-7.4612645575595396e-02,-7.6153970470333954e-02,-1.9808823251426527e-01,-2.5658349483323718e-02,-3.7153230889209646e-02,-1.3333382944537744e-01,
6.5606346794611234e-02,5.0070147707073420e-01,3.5223822027778125e-03,1.3814959192323121e-02,2.5636251106155767e-02,7.8946524061033441e-01,6.5608803419925036e-03,1.5780586509282869e-02,2.5394742940752179e-02,-1.5748826343051497e-02,-7.6554742455204799e-02,-1.1096013267205129e-01,-1.0078105432465585e-01,-1.6140784299068225e-01,-6.5761837518712285e-02,
6.6428721553285691e-02,3.5387367861465280e-01,7.9024949699388822e-03,1.3753173620447628e-02,2.4710711314680545e-02,7.7458018314708466e-01,6.7520547714862173e-03,1.5645075289651127e-02,2.3777037066919214e-02,-1.3845812502908378e-01,-1.0488458874736369e-01,-1.4115639875753633e-01,-6.5134022777036810e-02,-2.4119460402229126e-01,-1.0108808752386840e-01,
6.8581358645150067e-02,1.3705025573829899e-01,4.1142331307622310e-03,1.5303330292015404e-02,2.4019726980639131e-02,7.7200099687501833e-01,6.7930528734887301e-03,1.3344582950503588e-02,2.1472988347235957e-02,-3.4674402897715548e-02,-1.9237219331949443e-01,-2.0165353513157297e-01,-2.4705595958516174e-01,-1.8396451331025687e-01,-1.9095522407582538e-01,
7.0892456288030870e-02,5.5936222514956238e-02,6.8591399042881689e-03,1.4459047411067700e-02,2.2778047069434135e-02,7.7144267558694457e-01,2.5813600800825508e-03,1.1409343349980386e-02,1.9490295569116214e-02,-2.2436464497380496e-01,-2.3089766569622686e-01,-2.3996154094712857e-01,-1.3311435190654355e-01,-2.5116536160094555e-01,-2.6476637048362051e-01,

8,15
9.5152779710241692e-02,9.8603735968944617e-01,1.4444721193126661e-02,2.8622424754403221e-02,4.0859200760025458e-02,1.0510004430916151e+00,1.4917411361017789e-02,2.8024444735464411e-02,4.0269273854206519e-02,3.6673872483616574e-02,5.7698864610472814e-02,7.8997568914600663e-02,1.2377611939179013e-03,5.3201476582665306e-03,2.4369857035936797e-02,
1.0545342113482960e-01,9.8469926150523335e-01,1.6713470535140242e-02,2.8999964362497539e-02,4.1348356010336082e-02,1.0501033944487554e+00,1.4505433760895591e-02,2.8495374693875173e-02,4.0313945646976289e-02,2.2386370025058680e-02,8.0280671204372517e-02,1.0965335248188190e-01,1.0816944179521240e-02,7.0845436569676075e-03,3.5896974305153852e-02,
1.4398044633736926e-01,9.8440883012500335e-01,1.4739404089565592e-02,2.9019052028790231e-02,4.1437501913802584e-02,1.0499007163563905e+00,1.7285502271258354e-02,2.8227435422028956e-02,4.0180159909717267e-02,8.1214322402883315e-02,6.0246822007369895e-02,1.7510342636347179e-01,2.3059451080138550e-03,2.1409190536739994e-02,6.9249559250991993e-02,
1.8948277107427533e-01,9.8133424946700265e-01,1.6839344820389072e-02,2.9123140679531399e-02,4.1920924543182546e-02,1.0476835222386980e+00,1.6754488419649268e-02,2.9394353137140443e-02,4.0256643282100671e-02,4.5553236086443211e-02,7.9970093567563877e-02,2.2641711192760466e-01,3.5113427695511443e-02,3.3662594903964935e-02,1.0624302791431531e-01,
2.8876376353960020e-01,9.8400609029449959e-01,1.5254033953634420e-02,2.9077543198737798e-02,4.0101006146329325e-02,1.0496124370891109e+00,1.5431444242052715e-02,2.7887238804286216e-02,4.1038873104563972e-02,1.4553786603367952e-01,2.0502989058278220e-01,1.1793966525932104e-01,4.5706284651110419e-03,2.6373136567158704e-02,6.1168686863235955e-02,
4.2280057358405077e-01,9.8097963391662479e-01,1.8602681636198739e-02,2.9281511342503428e-02,4.0723035419146549e-02,1.0474083554699105e+00,1.4928518480598169e-02,2.8475156435700970e-02,4.1038140169818084e-02,6.6248951486258395e-02,2.2726079574050673e-01,1.4476112748921180e-01,9.3335071939918440e-02,3.9037700990811455e-02,9.5647699606987518e-02,
7.7666028077535487e-01,9.7364282486436760e-01,1.5707840772191253e-02,2.9503867605866717e-02,4.0658311897623783e-02,1.0422279731100956e+00,1.8432084127894759e-02,2.8178006022893567e-02,4.0926946601118189e-02,2.2691178895351929e-01,1.5375873901095383e-01,2.0463419402530364e-01,1.0812548185770203e-02,1.7874687339213879e-01,1.8757915307613193e-01,
1.0485275006010841e+00,9.6500407707946312e-01,1.7973988497586912e-02,2.9507342777571516e-02,4.1229171064202902e-02,1.1044637231160404e+00,1.7965836453058097e-02,2.9321766767999594e-02,4.1037522038894644e-02,6.9636143051237276e-02,1.5454942695368945e-01,2.3234552629354505e-01,2.4668172385109380e-01,2.5780467091547987e-01,2.6751928688338233e-01,

