1
1
15
0
(8 0
((0,0,0) (7,7,7) (0,0,0))
((8,0,0) (15,7,7) (0,0,0))
((0,8,0) (7,15,7) (0,0,0))
((8,8,0) (15,15,7) (0,0,0))
((0,0,8) (7,7,15) (0,0,0))
((8,0,8) (15,7,15) (0,0,0))
((0,8,8) (7,15,15) (0,0,0))
((8,8,8) (15,15,15) (0,0,0))
)
8
FabOnDisk: Cell_D_00000 0
FabOnDisk: Cell_D_00000 61527
FabOnDisk: Cell_D_00000 123055
FabOnDisk: Cell_D_00000 184583
FabOnDisk: Cell_D_00000 246112
FabOnDisk: Cell_D_00000 307640
FabOnDisk: Cell_D_00000 369169
FabOnDisk: Cell_D_00000 430698

8,15
0.00000000000000000e+00,0.00000000000000000e+00,-2.01385040500452014e+05,-1.63327618641873618e+05,-2.06974317682687048e+05,9.99999999999999334e-01,-3.78888597782541910e+04,-1.56215925436057238e+05,-7.08854354360154248e+04,-2.22222222222222238e-01,-1.11111111111111119e-01,-0.00000000000000000e+00,-2.22205402523922457e-01,-1.11094438078013447e-01,-0.00000000000000000e+00,
0.00000000000000000e+00,0.00000000000000000e+00,-2.46512664544469560e+05,-6.06037733345545348e+04,-8.68893683420301531e+04,9.99999999999999334e-01,-8.26136942925622279e+04,-3.18533726552788401e+05,-1.52615415288414661e+05,-2.22222222222222238e-01,-1.11111111111111119e-01,-0.00000000000000000e+00,-2.22222222222222238e-01,-1.11107526568555687e-01,-0.00000000000000000e+00,
0.00000000000000000e+00,0.00000000000000000e+00,-6.35989857195061195e+04,-1.96982061994742166e+05,-1.53739685324563616e+05,9.99999999999999334e-01,-9.11927616541481839e+04,-9.56706170188222895e+04,-1.36772666317276395e+05,-2.22222222222222238e-01,-1.11111111111111119e-01,-0.00000000000000000e+00,-2.22204631383129347e-01,-1.11111111111111119e-01,-0.00000000000000000e+00,
0.00000000000000000e+00,0.00000000000000000e+00,-2.96425485568441276e+05,-1.67565862436971045e+05,-6.12135537188938251e+04,9.99999999999999334e-01,-1.67025582503587502e+05,-2.42554719056539703e+05,-1.91986712383291830e+05,-2.22222222222222238e-01,-1.11111111111111119e-01,-0.00000000000000000e+00,-2.22222222222222238e-01,-1.11111111111111119e-01,-0.00000000000000000e+00,
0.00000000000000000e+00,0.00000000000000000e+00,-4.66026251240002399e+05,-5.43885985487593804e+05,-5.41904218859403918e+04,9.99999999999999334e-01,-2.76055932689791021e+05,-5.26065282803273385e+03,-1.48730659066383319e+05,-2.22222222222222238e-01,-1.11111111111111119e-01,-0.00000000000000000e+00,-2.22204631383129403e-01,-1.11110965297808673e-01,-0.00000000000000000e+00,
0.00000000000000000e+00,0.00000000000000000e+00,-2.36185505115653650e+05,-4.87046446445291513e+05,-2.31929901256425102e+05,9.99999999999999334e-01,-9.40805324218098685e+04,-4.52920486064412326e+04,-1.75248145760118823e+04,-2.22222222222222238e-01,-1.11111111111111119e-01,-0.00000000000000000e+00,-2.22222222222222238e-01,-1.11111098601250416e-01,-0.00000000000000000e+00,
0.00000000000000000e+00,0.00000000000000000e+00,-3.15945807180914038e+05,-1.58109223540097766e+05,-4.04357721664987388e+05,9.99999999999999334e-01,-6.95229552593241388e+04,-1.13407726628100645e+04,-1.05543583930592780e+05,-2.22222222222222238e-01,-1.11111111111111119e-01,-0.00000000000000000e+00,-2.22221929297712784e-01,-1.11111111111111119e-01,-0.00000000000000000e+00,
0.00000000000000000e+00,0.00000000000000000e+00,-4.74887379536994675e+05,-3.53228622302851640e+05,-9.26679886011220224e+04,9.99999999999999334e-01,-2.48438965886311280e+03,-9.40703147467181043e+03,-4.08885834721366973e+03,-2.22222222222222238e-01,-1.11111111111111119e-01,-0.00000000000000000e+00,-2.22222222222222238e-01,-1.11111111111111119e-01,-0.00000000000000000e+00,

8,15
1.00000000000000022e+00,1.00000000000000022e+00,8.94301412211871357e+04,1.98542653047327854e+05,8.88885739545203105e+04,1.00000000000000067e+00,9.32502715703695721e+04,4.60333293729301658e+04,1.75414649707105389e+05,4.44444444444444475e-01,5.55555555555555580e-01,6.66666666666666741e-01,4.44444444444444420e-01,5.55555555483975283e-01,6.66666373335708551e-01,
1.00000000000000022e+00,1.00000000000000022e+00,1.64111474787209183e+05,3.05607156336099317e+05,1.44496045944944723e+05,1.00000000000000067e+00,2.37202684301244240e+05,2.18248796552641725e+05,2.10885985435212671e+05,4.44444444444444475e-01,5.55555555555555580e-01,6.66666666666666741e-01,4.44444152908005263e-01,5.55555555555555469e-01,6.66666666595086443e-01,
1.00000000000000022e+00,1.00000000000000022e+00,2.97290894265739480e+05,1.56919313958067622e+05,1.84432369389682513e+05,1.00000000000000067e+00,1.27422641769111797e+05,1.42980536087564484e+05,9.36025078762803896e+04,4.44444444444444475e-01,5.55555555555555580e-01,6.66666666666666741e-01,4.44444444444444420e-01,5.55554343729239841e-01,6.66666666595086221e-01,
1.00000000000000022e+00,1.00000000000000022e+00,3.05960602916712989e+05,2.56025855021903903e+05,4.70036283699338848e+05,1.00000000000000067e+00,1.02959800543695863e+05,1.96828842624817305e+05,1.51613314949768421e+05,4.44444444444444475e-01,5.55555555555555580e-01,6.66666666666666741e-01,4.44427144856547884e-01,5.55555409716017246e-01,6.66666666666666519e-01,
1.00000000000000022e+00,1.00000000000000022e+00,1.08763701675676028e+05,7.00657623716381495e+04,2.53695841113514703e+05,1.00000000000000067e+00,1.56708181873832160e+05,7.94222134786890674e+04,1.98307258158494005e+04,4.44444444444444475e-01,5.55555555555555580e-01,6.66666666666666741e-01,4.44444444444444475e-01,5.55555555484252173e-01,6.66666666657292351e-01,
1.00000000000000022e+00,1.00000000000000022e+00,1.80430479160330404e+05,1.68422155261492037e+05,3.07006610642907443e+05,1.00000000000000067e+00,5.66701210232068406e+04,1.91079751429935510e+05,1.02516475436527806e+05,4.44444444444444475e-01,5.55555555555555580e-01,6.66666666666666741e-01,4.44427144856547995e-01,5.55555555555555469e-01,6.66666666666666075e-01,
1.00000000000000022e+00,1.00000000000000022e+00,8.73145973328040447e+05,2.90603248000035936e+05,1.60113587993263995e+05,1.00000000000000067e+00,7.52634804091004771e+04,2.32585681908957049e+04,7.42747912861945806e+04,4.44444444444444475e-01,5.55555555555555580e-01,6.66666666666666741e-01,4.44444444444444475e-01,5.55538255990114971e-01,6.66666666666666075e-01,
1.00000000000000022e+00,1.00000000000000022e+00,2.66450648674177937e+05,3.41645074273552105e+05,6.22208286695658579e+05,1.00000000000000067e+00,7.72358138661342582e+03,5.05422937850410199e+03,7.83273821687732834e+03,4.44444444444444475e-01,5.55555555555555580e-01,6.66666666666666741e-01,4.44443859577630329e-01,5.55538255990114860e-01,6.66666666666666741e-01,

