1
1
15
0
(8 0
((0,0,0) (7,7,7) (0,0,0))
((8,0,0) (15,7,7) (0,0,0))
((0,8,0) (7,15,7) (0,0,0))
((8,8,0) (15,15,7) (0,0,0))
((0,0,8) (7,7,15) (0,0,0))
((8,0,8) (15,7,15) (0,0,0))
((0,8,8) (7,15,15) (0,0,0))
((8,8,8) (15,15,15) (0,0,0))
)
8
FabOnDisk: Cell_D_00000 0
FabOnDisk: Cell_D_00000 61527
FabOnDisk: Cell_D_00000 123055
FabOnDisk: Cell_D_00000 184583
FabOnDisk: Cell_D_00000 246112
FabOnDisk: Cell_D_00000 307640
FabOnDisk: Cell_D_00000 369169
FabOnDisk: Cell_D_00000 430698

8,15
0.00000000000000000e+00,0.00000000000000000e+00,-2.11082430845954106e+05,-6.01603928252602927e+04,-4.38963913309708762e+05,9.99999999999999334e-01,-1.16623868786600040e+05,-3.82730341834794890e+04,-7.30266131302099966e+04,-2.22222222222222238e-01,-1.11111111111111119e-01,-0.00000000000000000e+00,-2.22205402523922457e-01,-1.11094438078013447e-01,-0.00000000000000000e+00,
0.00000000000000000e+00,0.00000000000000000e+00,-1.62661329495664599e+05,-4.74694911400868514e+04,-1.47773113937170681e+05,9.99999999999999334e-01,-1.22613605681008412e+05,-1.36046466024805180e+05,-1.27902617528161762e+05,-2.22222222222222238e-01,-1.11111111111111119e-01,-0.00000000000000000e+00,-2.22222222222222238e-01,-1.11107526568555687e-01,-0.00000000000000000e+00,
0.00000000000000000e+00,0.00000000000000000e+00,-2.66632290377931786e+05,-1.96907996230305638e+05,-1.91179743953227851e+05,9.99999999999999334e-01,-1.11490931420712834e+05,-1.11583622924986033e+05,-9.85294073218347185e+04,-2.22222222222222238e-01,-1.11111111111111119e-01,-0.00000000000000000e+00,-2.22204631383129347e-01,-1.11111111111111119e-01,-0.00000000000000000e+00,
0.00000000000000000e+00,0.00000000000000000e+00,-4.47753988378470007e+05,-5.91459755965630757e+04,-7.32347706533934339e+05,9.99999999999999334e-01,-2.13810788101458224e+05,-1.68588058427984506e+05,-5.12531718031230412e+04,-2.22222222222222238e-01,-1.11111111111111119e-01,-0.00000000000000000e+00,-2.22222222222222238e-01,-1.11111111111111119e-01,-0.00000000000000000e+00,
0.00000000000000000e+00,0.00000000000000000e+00,-1.86935283087153948e+05,-3.82613207650886034e+05,-2.86683144883749075e+05,9.99999999999999334e-01,-1.84927832740059588e+05,-2.02489585958135285e+05,-9.17009460267101531e+04,-2.22222222222222238e-01,-1.11111111111111119e-01,-0.00000000000000000e+00,-2.22204631383129403e-01,-1.11110965297808673e-01,-0.00000000000000000e+00,
0.00000000000000000e+00,0.00000000000000000e+00,-1.83746313267749298e+05,-4.58694341063386819e+05,-2.24193472100537329e+05,9.99999999999999334e-01,-1.04305386221344146e+05,-3.40499744402746073e+04,-9.16343149159723689e+04,-2.22222222222222238e-01,-1.11111111111111119e-01,-0.00000000000000000e+00,-2.22222222222222238e-01,-1.11111098601250416e-01,-0.00000000000000000e+00,
0.00000000000000000e+00,0.00000000000000000e+00,-5.83467336334181018e+05,-3.65669703219349729e+05,-7.04421183433711412e+05,9.99999999999999334e-01,-2.46026431286917104e+04,-1.60400073092566654e+04,-6.69796372774296924e+03,-2.22222222222222238e-01,-1.11111111111111119e-01,-0.00000000000000000e+00,-2.22221929297712784e-01,-1.11111111111111119e-01,-0.00000000000000000e+00,
0.00000000000000000e+00,0.00000000000000000e+00,-6.55720584256435744e+05,-8.45086003337837465e+04,-5.78188466458018520e+05,9.99999999999999334e-01,-2.12018126135632374e+04,-2.42498570623629021e+04,-2.31600837323965825e+04,-2.22222222222222238e-01,-1.11111111111111119e-01,-0.00000000000000000e+00,-2.22222222222222238e-01,-1.11111111111111119e-01,-0.00000000000000000e+00,

8,15
1.00000000000000022e+00,1.00000000000000022e+00,2.36499583177706336e+04,1.77766197430875007e+05,1.51309921109233110e+05,1.00000000000000067e+00,1.44751405168587080e+05,9.04212101212493726e+04,9.24147708950076485e+04,4.44444444444444475e-01,5.55555555555555580e-01,6.66666666666666741e-01,4.44444444444444420e-01,5.55555555483975283e-01,6.66666373335708551e-01,
1.00000000000000022e+00,1.00000000000000022e+00,2.65313931372648280e+05,1.67705284033063042e+05,2.75979044170080160e+05,1.00000000000000067e+00,7.54885316674686619e+04,2.65546869588062691e+05,4.79196530751717510e+04,4.44444444444444475e-01,5.55555555555555580e-01,6.66666666666666741e-01,4.44444152908005263e-01,5.55555555555555469e-01,6.66666666595086443e-01,
1.00000000000000022e+00,1.00000000000000022e+00,2.15241150729587127e+05,7.77423504804245604e+04,2.61546588810282701e+05,1.00000000000000067e+00,3.74608205590617144e+04,9.30691258644070040e+04,1.42576654273999739e+05,4.44444444444444475e-01,5.55555555555555580e-01,6.66666666666666741e-01,4.44444444444444420e-01,5.55554343729239841e-01,6.66666666595086221e-01,
1.00000000000000022e+00,1.00000000000000022e+00,3.14043544676260033e+05,3.91254805123488302e+05,2.43448929146081238e+05,1.00000000000000067e+00,1.68217160992797813e+05,1.20154971111816252e+05,6.29201972975719182e+04,4.44444444444444475e-01,5.55555555555555580e-01,6.66666666666666741e-01,4.44427144856547884e-01,5.55555409716017246e-01,6.66666666666666519e-01,
1.00000000000000022e+00,1.00000000000000022e+00,3.25478970852605649e+05,1.73926688913679740e+05,2.35254715944124706e+05,1.00000000000000067e+00,2.81370944272643654e+05,1.12350239886310184e+05,8.33120104274461628e+04,4.44444444444444475e-01,5.55555555555555580e-01,6.66666666666666741e-01,4.44444444444444475e-01,5.55555555484252173e-01,6.66666666657292351e-01,
1.00000000000000022e+00,1.00000000000000022e+00,8.26531653292537900e+05,7.96769605190723436e+05,3.44225965924865159e+05,1.00000000000000067e+00,3.69696572351115828e+04,5.31743613626705410e+04,4.07866120644544280e+04,4.44444444444444475e-01,5.55555555555555580e-01,6.66666666666666741e-01,4.44427144856547995e-01,5.55555555555555469e-01,6.66666666666666075e-01,
1.00000000000000022e+00,1.00000000000000022e+00,4.53219729940235498e+05,4.55286165545108088e+05,2.31941556052457978e+05,1.00000000000000067e+00,6.48264742641434641e+04,2.69759682450030523e+04,5.59965325178554267e+04,4.44444444444444475e-01,5.55555555555555580e-01,6.66666666666666741e-01,4.44444444444444475e-01,5.55538255990114971e-01,6.66666666666666075e-01,
1.00000000000000022e+00,1.00000000000000022e+00,2.36709678842157242e+05,3.55369289168545976e+05,3.01198685607260792e+05,1.00000000000000067e+00,6.53709563018443259e+03,9.04201796712525902e+03,2.01497719217143595e+03,4.44444444444444475e-01,5.55555555555555580e-01,6.66666666666666741e-01,4.44443859577630329e-01,5.55538255990114860e-01,6.66666666666666741e-01,

