1
1
15
0
(8 0
((0,0,0) (7,7,7) (0,0,0))
((8,0,0) (15,7,7) (0,0,0))
((0,8,0) (7,15,7) (0,0,0))
((8,8,0) (15,15,7) (0,0,0))
((0,0,8) (7,7,15) (0,0,0))
((8,0,8) (15,7,15) (0,0,0))
((0,8,8) (7,15,15) (0,0,0))
((8,8,8) (15,15,15) (0,0,0))
)
8
FabOnDisk: Cell_D_00000 0
FabOnDisk: Cell_D_00000 61527
FabOnDisk: Cell_D_00000 123055
FabOnDisk: Cell_D_00000 184583
FabOnDisk: Cell_D_00000 246112
FabOnDisk: Cell_D_00000 307640
FabOnDisk: Cell_D_00000 369169
FabOnDisk: Cell_D_00000 430698

8,15
1.1122236877722347e-01,8.8379392676542046e-01,-2.4706082500439890e-17,-3.2516634502546413e-17,-2.2843958005768750e-17,9.9602013709912551e-01,-4.2854488216243229e-04,-4.2854488216242611e-04,-4.2854488216242183e-04,-0.0000000000000000e+00,-0.0000000000000000e+00,0.0000000000000000e+00,-0.0000000000000000e+00,-0.0000000000000000e+00,-0.0000000000000000e+00,
1.1121327532888832e-01,8.8315539262796927e-01,-3.9365803998650277e-03,-1.2828615134471011e-17,-2.1252514755904940e-17,9.9598542157521119e-01,-8.8736350760372821e-04,-4.8065731478060865e-04,-4.8065731478063065e-04,-0.0000000000000000e+00,0.0000000000000000e+00,-0.0000000000000000e+00,-0.0000000000000000e+00,-0.0000000000000000e+00,-0.0000000000000000e+00,
1.1121327532888832e-01,8.8315539262796916e-01,-2.4783119154445564e-17,-3.9365803998650147e-03,-2.0230778609479716e-17,9.9598542157521153e-01,-4.8065731478064882e-04,-8.8736350760369807e-04,-4.8065731478063738e-04,-0.0000000000000000e+00,-0.0000000000000000e+00,-0.0000000000000000e+00,-0.0000000000000000e+00,-0.0000000000000000e+00,-0.0000000000000000e+00,
1.1120651197034663e-01,8.8320716485947426e-01,-3.9279100163574039e-03,-3.9279100163573926e-03,-2.4989627614471840e-17,9.9598129414172820e-01,-8.8369918000811805e-04,-8.8369918000811014e-04,-5.3452760355235569e-04,-0.0000000000000000e+00,-0.0000000000000000e+00,-0.0000000000000000e+00,-0.0000000000000000e+00,-0.0000000000000000e+00,0.0000000000000000e+00,
1.1121327532888831e-01,8.8315539262796916e-01,-2.2468303134928189e-17,-1.8268134300223291e-17,-3.9365803998650060e-03,9.9598542157521175e-01,-4.8065731478063678e-04,-4.8065731478065651e-04,-8.8736350760372702e-04,-0.0000000000000000e+00,-0.0000000000000000e+00,-0.0000000000000000e+00,-0.0000000000000000e+00,0.0000000000000000e+00,-0.0000000000000000e+00,
1.1120651197034664e-01,8.8320716485947437e-01,-3.9279100163573770e-03,-2.5805984883985730e-17,-3.9279100163573770e-03,9.9598129414172842e-01,-8.8369918000811665e-04,-5.3452760355239288e-04,-8.8369918000810927e-04,-0.0000000000000000e+00,-0.0000000000000000e+00,-0.0000000000000000e+00,-0.0000000000000000e+00,-0.0000000000000000e+00,0.0000000000000000e+00,
1.1120651197034664e-01,8.8320716485947437e-01,-2.7026143269871048e-17,-3.9279100163574030e-03,-3.9279100163573900e-03,9.9598129414172842e-01,-5.3452760355238117e-04,-8.8369918000811057e-04,-8.8369918000809518e-04,-0.0000000000000000e+00,-0.0000000000000000e+00,-0.0000000000000000e+00,-0.0000000000000000e+00,-0.0000000000000000e+00,0.0000000000000000e+00,
1.1120171228383596e-01,8.8327234538662691e-01,-3.9182584650271886e-03,-3.9182584650272060e-03,-3.9182584650271938e-03,9.9618063184987427e-01,-8.7878708364717633e-04,-8.7878708364717362e-04,-8.7878708364716191e-04,-0.0000000000000000e+00,-0.0000000000000000e+00,0.0000000000000000e+00,-0.0000000000000000e+00,-0.0000000000000000e+00,0.0000000000000000e+00,

8,15
1.1716825067526104e-01,8.9993670905270717e-01,3.9365803998650199e-03,3.9365803998650060e-03,3.9365803998650233e-03,1.0171049597279682e+00,8.8736350760371314e-04,8.8736350760368668e-04,8.8736350760369839e-04,-0.0000000000000000e+00,-0.0000000000000000e+00,0.0000000000000000e+00,-0.0000000000000000e+00,-0.0000000000000000e+00,-0.0000000000000000e+00,
1.1700839812353793e-01,8.9929913557413887e-01,2.9149233230359713e-17,3.9279100163573917e-03,3.9279100163573614e-03,1.0163075336976768e+00,4.2854488216241321e-04,8.8369918000810645e-04,8.8369918000808249e-04,-0.0000000000000000e+00,0.0000000000000000e+00,-0.0000000000000000e+00,-0.0000000000000000e+00,-0.0000000000000000e+00,-0.0000000000000000e+00,
1.1700839812353793e-01,8.9929913557413887e-01,3.9279100163574030e-03,2.5967950518528124e-17,3.9279100163573605e-03,1.0163075336976768e+00,8.8369918000812532e-04,4.2854488216243186e-04,8.8369918000809344e-04,-0.0000000000000000e+00,-0.0000000000000000e+00,-0.0000000000000000e+00,-0.0000000000000000e+00,-0.0000000000000000e+00,-0.0000000000000000e+00,
1.1685211435477008e-01,8.9868829408365125e-01,2.1932027773896255e-17,2.1503156742478082e-17,3.9182584650271973e-03,1.0155404084384214e+00,4.8065731478067223e-04,4.8065731478065364e-04,8.7878708364716202e-04,-0.0000000000000000e+00,-0.0000000000000000e+00,-0.0000000000000000e+00,-0.0000000000000000e+00,-0.0000000000000000e+00,0.0000000000000000e+00,
1.1700839812353792e-01,8.9929913557413887e-01,3.9279100163574152e-03,3.9279100163573492e-03,2.8373229442018809e-17,1.0163075336976768e+00,8.8369918000812966e-04,8.8369918000808206e-04,4.2854488216241765e-04,-0.0000000000000000e+00,-0.0000000000000000e+00,-0.0000000000000000e+00,-0.0000000000000000e+00,0.0000000000000000e+00,-0.0000000000000000e+00,
1.1685211435477008e-01,8.9868829408365114e-01,2.5923558656284074e-17,3.9182584650272008e-03,1.7387212476515999e-17,1.0155404084384212e+00,4.8065731478061141e-04,8.7878708364718067e-04,4.8065731478063841e-04,-0.0000000000000000e+00,-0.0000000000000000e+00,-0.0000000000000000e+00,-0.0000000000000000e+00,-0.0000000000000000e+00,0.0000000000000000e+00,
1.1685211435477008e-01,8.9868829408365114e-01,3.9182584650272051e-03,3.4070312010219120e-17,2.8850081377026858e-17,1.0155404084384212e+00,8.7878708364718837e-04,4.8065731478062984e-04,4.8065731478063797e-04,-0.0000000000000000e+00,-0.0000000000000000e+00,-0.0000000000000000e+00,-0.0000000000000000e+00,-0.0000000000000000e+00,0.0000000000000000e+00,
1.1669962680506975e-01,8.9810330276601269e-01,2.1310487103500300e-17,2.6518546476920816e-17,3.5658244419145289e-17,1.0148029295710825e+00,5.3452760355239602e-04,5.3452760355238572e-04,5.3452760355238898e-04,-0.0000000000000000e+00,-0.0000000000000000e+00,0.0000000000000000e+00,-0.0000000000000000e+00,-0.0000000000000000e+00,0.0000000000000000e+00,

