1
1
15
0
(8 0
((0,0,0) (7,7,7) (0,0,0))
((8,0,0) (15,7,7) (0,0,0))
((0,8,0) (7,15,7) (0,0,0))
((8,8,0) (15,15,7) (0,0,0))
((0,0,8) (7,7,15) (0,0,0))
((8,0,8) (15,7,15) (0,0,0))
((0,8,8) (7,15,15) (0,0,0))
((8,8,8) (15,15,15) (0,0,0))
)
8
FabOnDisk: Cell_D_00000 0
FabOnDisk: Cell_D_00000 61527
FabOnDisk: Cell_D_00000 123055
FabOnDisk: Cell_D_00000 184583
FabOnDisk: Cell_D_00000 246112
FabOnDisk: Cell_D_00000 307640
FabOnDisk: Cell_D_00000 369169
FabOnDisk: Cell_D_00000 430698

8,15
7.2832556220938288e-02,8.5589797792004974e-01,7.8921986545014491e-03,1.6572432613285813e-02,3.0284183712997220e-02,9.6439115387456475e-01,9.4612504657280716e-03,1.9241989360956956e-02,2.8787775851534476e-02,-8.8659122678468039e-03,-7.2462873893656216e-02,-4.3142924058537993e-02,-1.4761000830211816e-02,-2.1674472797261514e-02,-1.9223969787725290e-03,
7.2576660550644490e-02,7.7992867154122292e-01,9.0218943503542429e-03,1.6925052779518467e-02,2.8436310238272450e-02,9.1627961954404946e-01,9.2914217635449072e-03,1.8245880000387293e-02,2.8211509924015866e-02,-4.1915641194022857e-02,-1.2648531135584307e-01,-7.7063046681994041e-02,-1.4802581204567542e-02,-4.4908468906023825e-02,-3.1969736847882388e-03,
7.2685904066594142e-02,4.9747472660298264e-01,6.2796046309163914e-03,1.6571381577443374e-02,2.7210648706644570e-02,7.9551453353852519e-01,8.4260976053519357e-03,1.9492030536688843e-02,2.6369871473301752e-02,-3.5146699592669958e-02,-1.0543556194706745e-01,-1.5525101437092828e-01,-1.2346775071272775e-01,-5.8462049274291078e-02,-5.8393774058750261e-03,
7.3665770937484928e-02,2.3486865229441237e-01,7.4713941575681210e-03,1.4909514594743272e-02,2.1104002628931098e-02,7.8174909134404591e-01,6.2696416130196674e-03,1.7646899468891013e-02,2.4671708969884226e-02,-1.6359605663974244e-01,-1.7022246257214771e-01,-2.3087060978386037e-01,-1.2603805485873093e-01,-1.2919695440741386e-01,-1.1629739485352295e-02,
7.2809962520841209e-02,7.8927954220879293e-01,7.5967063850675889e-03,1.6206015012310431e-02,2.8046085436407950e-02,9.2250625310985113e-01,7.3477442964108696e-03,1.5735361795917755e-02,2.8588596597269856e-02,-1.4182998895493126e-02,-1.1821303403169266e-01,-3.6693066451455952e-02,-3.1398707856192261e-02,-3.8524289108598377e-02,-1.6178375578243878e-02,
7.3018182944210711e-02,6.5046241183327236e-01,8.6722813873354766e-03,1.5203140129647920e-02,2.7766257838309046e-02,8.4795245750933890e-01,8.3110565650227064e-03,1.4691648235115311e-02,2.7710087176800163e-02,-7.0866935945956472e-02,-1.9824915814628566e-01,-6.6812627418186082e-02,-3.2596150618266262e-02,-8.5602409242245339e-02,-3.5039598576649580e-02,
7.2843763929122715e-02,2.7850816953518959e-01,5.6928395068878163e-03,1.4529777830849088e-02,2.3226323012989908e-02,7.8074039821076391e-01,5.0413791593304806e-03,1.4220809650792234e-02,2.2838442455015318e-02,-5.7605266617041323e-02,-1.5597887431733493e-01,-1.0573286606802040e-01,-2.4367299508988652e-01,-1.1674684816892318e-01,-1.2212139824449138e-01,
7.4406584771720172e-02,6.5625497465545898e-02,5.9034118199763376e-03,1.3721103014181673e-02,2.0560973025163218e-02,7.7923835100901417e-01,4.1308965829488431e-03,1.2018570947797085e-02,1.9798101147722649e-02,-2.1520270631214991e-01,-2.2452393326923459e-01,-1.1657705756890549e-01,-2.1870186456118834e-01,-2.4515071453488746e-01,-2.5991771621515247e-01,

8,15
1.0849317595451503e-01,9.6938141059263083e-01,1.2733043980709574e-02,2.4077924170130736e-02,3.4696442127713570e-02,1.0422139668135690e+00,1.4632801309194515e-02,2.3776291277172221e-02,3.4323801655986252e-02,3.9650559496189591e-02,6.1092647446074913e-02,6.7594997770356602e-03,2.6396228060523346e-03,2.7291837890118908e-02,1.6120404386905145e-02,
1.3635094800282657e-01,9.7006552849714667e-01,1.3374954052700757e-02,2.4092909128824294e-02,3.4873360919919209e-02,1.0426421890477910e+00,1.4941519941764453e-02,2.3999570516793359e-02,3.4062314878878480e-02,3.6649881708196566e-02,1.0867609234557248e-01,1.1244606987675446e-02,1.6109933062779955e-02,5.6868243994940657e-02,3.4743941797684683e-02,
2.9803980693554250e-01,9.6977143852297898e-01,1.3274763753926527e-02,2.3544688964946721e-02,3.4644204522640533e-02,1.0424573425895731e+00,1.6167945675724941e-02,2.4287872306339005e-02,3.3379297557610633e-02,1.5649584732455779e-01,1.0708684766102020e-01,1.9940003043604881e-02,1.1243406481280438e-02,6.1452935411950384e-02,1.2232802848627372e-01,
5.8935260352585583e-01,9.6640580553092659e-01,1.3940283983102276e-02,2.3433717737577520e-02,3.4666726230322333e-02,1.0400715764684114e+00,1.6830399055210315e-02,2.5876091107399579e-02,3.3224030931397731e-02,1.1666937241226574e-01,1.6197360587159348e-01,3.7937048393136968e-02,1.3388471485058601e-01,1.3819908518581653e-01,2.5598886654519293e-01,
1.3322671090105820e-01,9.6935436623522220e-01,1.2636249736125527e-02,2.3276885302107572e-02,3.4158106112352454e-02,1.0421643287560634e+00,1.4581375197904181e-02,2.2615605099380282e-02,3.5131741394868896e-02,7.0975274139196076e-02,9.8235948094937547e-02,4.3726307461964292e-02,4.2018942145951449e-03,5.2376338983846915e-02,1.4973387227493489e-02,
1.9769180051284888e-01,9.6869746419693126e-01,1.3577576028276238e-02,2.3783016696527475e-02,3.3859594065260387e-02,1.0417170200484884e+00,1.4982413058444230e-02,2.2727450886372066e-02,3.5479002928190555e-02,6.3231380650794727e-02,1.7286845622396885e-01,7.6939965470562977e-02,3.3925768146658042e-02,1.1690654769495318e-01,3.5295848625272769e-02,
5.2643789777100547e-01,9.6935057299879512e-01,1.3314101363524223e-02,2.2913608131256188e-02,3.3294382081217599e-02,1.0421943369279179e+00,1.5135988490833434e-02,2.3712139367086788e-02,3.5013719434452487e-02,2.2263261497452225e-01,1.5778267990958417e-01,1.6391826531407183e-01,1.9535130354249440e-02,1.2095798258571007e-01,1.1232181502259259e-01,
1.0216889627222265e+00,9.6379305097336931e-01,1.4203229904158803e-02,2.3019585321986509e-02,3.3169984033784891e-02,1.0873144601877724e+00,1.5922274091249477e-02,2.4113572250211848e-02,3.5285536862494450e-02,1.2191753095145072e-01,2.2338483708118689e-01,2.3594809774569342e-01,2.4396745699863670e-01,2.5112601739829665e-01,2.1591129715782253e-01,

