1
1
15
0
(8 0
((0,0,0) (7,7,7) (0,0,0))
((8,0,0) (15,7,7) (0,0,0))
((0,8,0) (7,15,7) (0,0,0))
((8,8,0) (15,15,7) (0,0,0))
((0,0,8) (7,7,15) (0,0,0))
((8,0,8) (15,7,15) (0,0,0))
((0,8,8) (7,15,15) (0,0,0))
((8,8,8) (15,15,15) (0,0,0))
)
8
FabOnDisk: Cell_D_00000 0
FabOnDisk: Cell_D_00000 61527
FabOnDisk: Cell_D_00000 123055
FabOnDisk: Cell_D_00000 184583
FabOnDisk: Cell_D_00000 246112
FabOnDisk: Cell_D_00000 307640
FabOnDisk: Cell_D_00000 369169
FabOnDisk: Cell_D_00000 430698

8,15
7.4144087889291832e-02,8.0214075431975518e-01,8.4072340536473986e-03,1.6604914446108378e-02,2.9828074555799791e-02,9.3114727172871314e-01,9.3890971173555028e-03,1.7957968026651314e-02,2.8420721264048328e-02,-1.6087323357339589e-02,-9.6959408589781443e-02,-5.0180807209541829e-02,-2.8570686940936011e-02,-1.7564776093402776e-02,-9.5450533710465801e-04,
7.3713094964241943e-02,6.5088365427339723e-01,8.9410730874757410e-03,1.4736118387948874e-02,2.6648098184311419e-02,8.4842729569997499e-01,8.1829989737905156e-03,1.6142297386059323e-02,2.7920519940712193e-02,-6.8757387886108912e-02,-1.7857498809060446e-01,-9.8344033382334231e-02,-3.2019994373104876e-02,-4.0740418108638585e-02,-1.8793344150581977e-03,
7.3891249615999341e-02,4.4280528157319948e-01,6.2631239069193120e-03,1.5470539746478953e-02,2.6207535437058338e-02,7.8727742366158338e-01,7.9118570065555872e-03,1.8442378685849976e-02,2.6195327670514475e-02,-5.2154760887319830e-02,-1.1997874095442342e-01,-1.4892559422187779e-01,-1.6350591640851067e-01,-7.3513813057385705e-02,-1.8500553424222249e-03,
7.4745726799508277e-02,1.3877483770388252e-01,6.6729890068433035e-03,1.3162867739764246e-02,2.0498096564805657e-02,7.8211266721452199e-01,5.7434714547441599e-03,1.5644512536233335e-02,2.3930881628220903e-02,-1.8864585555097885e-01,-1.9387948451172146e-01,-2.2695817984079247e-01,-1.7737245396373474e-01,-1.8402887758749989e-01,-4.3467290070864067e-03,
7.4087668050447184e-02,7.5264788028513874e-01,6.8051122242416030e-03,1.7003832353520858e-02,2.6736227428159204e-02,9.0196641524674714e-01,7.5114171645819724e-03,1.5636628388378045e-02,2.8364587775018262e-02,-2.1338002815625381e-02,-1.2572412343858913e-01,-2.7239851442389412e-02,-4.3991137051991688e-02,-2.2402680647731966e-02,-2.0596730831285479e-02,
7.3833815140475892e-02,5.4735630577752237e-01,7.8352995808877827e-03,1.4875996965949474e-02,2.6973588743569428e-02,8.0877583291002864e-01,7.5859141085457688e-03,1.4506050616979427e-02,2.7624212531632032e-02,-9.2059411454773366e-02,-2.1923675697353731e-01,-5.3112360257708532e-02,-5.0034161035155851e-02,-5.5255950016958225e-02,-5.2823391631550733e-02,
7.3866469135940888e-02,3.2792940068615678e-01,5.6522401805226743e-03,1.4536973690922080e-02,2.2902964447327003e-02,7.8273720287025927e-01,4.6809011141443957e-03,1.4479302406009515e-02,2.2777678674861145e-02,-6.8260352617770109e-02,-1.4595484569152284e-01,-5.6262062254540425e-02,-2.3701963092462899e-01,-1.0654229204036399e-01,-1.0989543588340663e-01,
7.5020205022505407e-02,6.3622542804475976e-02,5.5498391411158811e-03,1.3151917195112703e-02,2.0314773214765408e-02,7.8077810929899261e-01,4.1623590641020405e-03,1.1744393566560088e-02,1.9796148577737413e-02,-2.1070686579247649e-01,-2.0585490872527135e-01,-6.6833025730215462e-02,-2.3711479105953617e-01,-2.5213044627365344e-01,-2.6283845335314138e-01,

8,15
1.2900651740895797e-01,9.6662628767308634e-01,1.2208359594782482e-02,2.2793730160675145e-02,3.3073866557398780e-02,1.0407703755623783e+00,1.4232591322012522e-02,2.2545588500776759e-02,3.2987569502858395e-02,6.6946013518611652e-02,5.1845376161958404e-02,3.3640904953479711e-03,4.8972674655447680e-03,4.1596649213928874e-02,1.9740302817158766e-02,
1.9754364142657777e-01,9.6783999395498888e-01,1.2444131969438934e-02,2.2799295026717865e-02,3.3204603273490084e-02,1.0415530889192308e+00,1.4951061884771721e-02,2.2759415513700077e-02,3.2761634407216383e-02,6.4826956607307223e-02,1.0372509844401841e-01,6.6372805620367459e-03,3.2770429983479413e-02,1.0488924575734226e-01,5.1894361588540466e-02,
3.4447214208838389e-01,9.6724865389972303e-01,1.2697224589740154e-02,2.2508683704602270e-02,3.2892999958883846e-02,1.0411399035157223e+00,1.5374102500137824e-02,2.3218624440511572e-02,3.2203209339332808e-02,1.8532569346904096e-01,1.1659227951832588e-01,6.4426885181583515e-03,1.7572921788688092e-02,7.2967261054464938e-02,1.0488248038590900e-01,
7.8563949207424399e-01,9.6464767254876793e-01,1.3247511193066622e-02,2.2334116413800245e-02,3.2689089473997721e-02,1.0393933993482762e+00,1.6116575379294059e-02,2.4648992682417235e-02,3.2144922037032155e-02,1.3553975471606083e-01,1.9393034322552022e-01,1.4749488396474539e-02,1.7998839553344742e-01,1.8213052646922190e-01,2.4755502691134029e-01,
1.4931853496160841e-01,9.6673585283990748e-01,1.2338951891101083e-02,2.1962051974458871e-02,3.2832119880769041e-02,1.0408608758800453e+00,1.3930529948116502e-02,2.1800293025006086e-02,3.3714060209683518e-02,9.1437323717251495e-02,6.4772880170766600e-02,5.1016917142030882e-02,6.5346170769506511e-03,6.0588352254051431e-02,1.2499884892880920e-02,
2.6141952713250627e-01,9.6750116358208926e-01,1.3135905266684728e-02,2.2401402393611738e-02,3.2464823698100144e-02,1.0413349787225652e+00,1.4655494458807233e-02,2.1425445759217950e-02,3.4050377385086816e-02,8.5468894016701338e-02,1.3222838655324848e-01,9.5058270229966782e-02,5.0468041651211111e-02,1.5800082331252424e-01,3.6202910990639693e-02,
4.6241420577475961e-01,9.6753822009138990e-01,1.2684536397598176e-02,2.1674190493610263e-02,3.1603270893816066e-02,1.0414059007521339e+00,1.3967130795950258e-02,2.2296530264209569e-02,3.3524071756388912e-02,2.1750216854264939e-01,1.4613890327334150e-01,1.5015875870442957e-01,2.3855219254546825e-02,1.0254877989154954e-01,5.8900200022921158e-02,
1.0323940102428624e+00,9.6346887107231693e-01,1.3480226990839431e-02,2.1554032142065901e-02,3.1059320642387551e-02,1.0960165530473382e+00,1.4470335562914364e-02,2.2436903987802407e-02,3.3632725126960243e-02,1.3841005019624697e-01,2.2166089232151046e-01,2.3418313931680404e-01,2.4055206420342126e-01,2.4417845823241491e-01,1.2831171112997114e-01,

