1
1
15
0
(8 0
((0,0,0) (7,7,7) (0,0,0))
((8,0,0) (15,7,7) (0,0,0))
((0,8,0) (7,15,7) (0,0,0))
((8,8,0) (15,15,7) (0,0,0))
((0,0,8) (7,7,15) (0,0,0))
((8,0,8) (15,7,15) (0,0,0))
((0,8,8) (7,15,15) (0,0,0))
((8,8,8) (15,15,15) (0,0,0))
)
8
FabOnDisk: Cell_D_00000 0
FabOnDisk: Cell_D_00000 61527
FabOnDisk: Cell_D_00000 123055
FabOnDisk: Cell_D_00000 184583
FabOnDisk: Cell_D_00000 246112
FabOnDisk: Cell_D_00000 307640
FabOnDisk: Cell_D_00000 369169
FabOnDisk: Cell_D_00000 430698

8,15
1.1269125808545780e-01,8.8730873749821604e-01,-2.3597044304273776e-17,-3.7509933718976650e-17,-3.6785747608873095e-17,9.9999999558367381e-01,-3.4013373013012289e-17,-4.1395215557000415e-17,-3.0250171604128718e-17,-0.0000000000000000e+00,0.0000000000000000e+00,-0.0000000000000000e+00,-0.0000000000000000e+00,0.0000000000000000e+00,-0.0000000000000000e+00,
1.1269125809808506e-01,8.8730873759764084e-01,-7.7696860334838951e-10,-3.4075588393985344e-17,-2.9017362812725961e-17,9.9999999569572595e-01,-7.7696857395705751e-10,-3.0683852424741717e-17,-3.4157933338490523e-17,-0.0000000000000000e+00,-0.0000000000000000e+00,-0.0000000000000000e+00,-0.0000000000000000e+00,-0.0000000000000000e+00,-0.0000000000000000e+00,
1.1269125809808506e-01,8.8730873759764084e-01,-2.0489690338020117e-17,-7.7696860139751826e-10,-1.8573920366050567e-17,9.9999999569572595e-01,-4.5447537616872945e-17,-7.7696858495754140e-10,-2.6486970240799144e-17,-0.0000000000000000e+00,0.0000000000000000e+00,-0.0000000000000000e+00,-0.0000000000000000e+00,-0.0000000000000000e+00,-0.0000000000000000e+00,
1.1269125811071243e-01,8.8730873769706542e-01,-7.7696428762189116e-10,-7.7696428375524945e-10,-2.7860880508063142e-17,9.9999999580777788e-01,-7.7696427200722745e-10,-7.7696426809946566e-10,-4.0961534630374205e-17,-0.0000000000000000e+00,-0.0000000000000000e+00,0.0000000000000000e+00,-0.0000000000000000e+00,-0.0000000000000000e+00,0.0000000000000000e+00,
1.1269125809808506e-01,8.8730873759764073e-01,-3.0571039853897778e-17,-1.8971114967652968e-17,-7.7696858011343835e-10,9.9999999569572573e-01,-4.5881218487339735e-17,-2.6776090744173339e-17,-7.7696857641921644e-10,-0.0000000000000000e+00,0.0000000000000000e+00,-0.0000000000000000e+00,-0.0000000000000000e+00,0.0000000000000000e+00,-0.0000000000000000e+00,
1.1269125811071243e-01,8.8730873769706542e-01,-7.7696427443318781e-10,-2.3597044301629557e-17,-7.7696426286836461e-10,9.9999999580777788e-01,-7.7696428981131272e-10,-3.0394731903774870e-17,-7.7696425217929850e-10,-0.0000000000000000e+00,-0.0000000000000000e+00,0.0000000000000000e+00,-0.0000000000000000e+00,-0.0000000000000000e+00,0.0000000000000000e+00,
1.1269125811071243e-01,8.8730873769706531e-01,-2.9017362848356139e-17,-7.7696426442204141e-10,-7.7696426402484696e-10,9.9999999580777776e-01,-3.8354815647912784e-17,-7.7696424856065733e-10,-7.7696425594249993e-10,-0.0000000000000000e+00,-0.0000000000000000e+00,0.0000000000000000e+00,-0.0000000000000000e+00,-0.0000000000000000e+00,0.0000000000000000e+00,
1.1269125812333972e-01,8.8730873779649078e-01,-7.7695993355596784e-10,-7.7695993167529962e-10,-7.7695993398826412e-10,9.9999999591983046e-01,-7.7695997541539601e-10,-7.7695993459842180e-10,-7.7695994212482456e-10,-0.0000000000000000e+00,-0.0000000000000000e+00,0.0000000000000000e+00,-0.0000000000000000e+00,-0.0000000000000000e+00,0.0000000000000000e+00,

8,15
1.1269125904298376e-01,8.8730874503758650e-01,7.7696861491321303e-10,7.7696860410767741e-10,7.7696859948174821e-10,1.0000000040805703e+00,7.7696861158907203e-10,7.7696858510210176e-10,7.7696857004929593e-10,-0.0000000000000000e+00,0.0000000000000000e+00,-0.0000000000000000e+00,-0.0000000000000000e+00,0.0000000000000000e+00,-0.0000000000000000e+00,
1.1269125905561364e-01,8.8730874513703173e-01,2.5910008872859493e-17,7.7696428335805479e-10,7.7696427717844858e-10,1.0000000041926453e+00,4.1973456678644534e-17,7.7696427548130837e-10,7.7696426404714392e-10,-0.0000000000000000e+00,-0.0000000000000000e+00,-0.0000000000000000e+00,-0.0000000000000000e+00,-0.0000000000000000e+00,-0.0000000000000000e+00,
1.1269125905561361e-01,8.8730874513703173e-01,7.7696428567101960e-10,3.1330327477138144e-17,7.7696426207397519e-10,1.0000000041926453e+00,7.7696428300771102e-10,2.7498892081259969e-17,7.7696426694298341e-10,-0.0000000000000000e+00,0.0000000000000000e+00,-0.0000000000000000e+00,-0.0000000000000000e+00,-0.0000000000000000e+00,-0.0000000000000000e+00,
1.1269125906824355e-01,8.8730874523647696e-01,2.8585066428805826e-17,3.2848902721301357e-17,7.7695992083466239e-10,1.0000000043047206e+00,4.9644419564335187e-17,4.6170338837734337e-17,7.7695993402018057e-10,-0.0000000000000000e+00,-0.0000000000000000e+00,0.0000000000000000e+00,-0.0000000000000000e+00,-0.0000000000000000e+00,0.0000000000000000e+00,
1.1269125905561361e-01,8.8730874513703173e-01,7.7696427981840461e-10,7.7696425278701497e-10,1.8573920277228814e-17,1.0000000041926453e+00,7.7696431600916238e-10,7.7696426274610132e-10,2.6486970090766145e-17,-0.0000000000000000e+00,0.0000000000000000e+00,-0.0000000000000000e+00,-0.0000000000000000e+00,0.0000000000000000e+00,-0.0000000000000000e+00,
1.1269125906824354e-01,8.8730874523647696e-01,2.3597044186763000e-17,7.7695992661707394e-10,3.2486809762993773e-17,1.0000000043047206e+00,3.3290571538416572e-17,7.7695995283618752e-10,4.2262577219865958e-17,-0.0000000000000000e+00,-0.0000000000000000e+00,0.0000000000000000e+00,-0.0000000000000000e+00,-0.0000000000000000e+00,0.0000000000000000e+00,
1.1269125906824352e-01,8.8730874523647696e-01,7.7695994132435268e-10,3.8701517624022237e-17,2.1646172586397550e-17,1.0000000043047206e+00,7.7695995732219033e-10,2.3591130447825873e-17,3.0683852323794164e-17,-0.0000000000000000e+00,-0.0000000000000000e+00,0.0000000000000000e+00,-0.0000000000000000e+00,-0.0000000000000000e+00,0.0000000000000000e+00,
1.1269125908087349e-01,8.8730874533592241e-01,1.8971114889915175e-17,3.3281199055659616e-17,2.6307203491679131e-17,1.0000000044167958e+00,2.6631530461116334e-17,2.6631530360945223e-17,3.8210255141314983e-17,-0.0000000000000000e+00,-0.0000000000000000e+00,0.0000000000000000e+00,-0.0000000000000000e+00,-0.0000000000000000e+00,0.0000000000000000e+00,

