1
1
15
0
(8 0
((0,0,0) (7,7,7) (0,0,0))
((8,0,0) (15,7,7) (0,0,0))
((0,8,0) (7,15,7) (0,0,0))
((8,8,0) (15,15,7) (0,0,0))
((0,0,8) (7,7,15) (0,0,0))
((8,0,8) (15,7,15) (0,0,0))
((0,8,8) (7,15,15) (0,0,0))
((8,8,8) (15,15,15) (0,0,0))
)
8
FabOnDisk: Cell_D_00000 0
FabOnDisk: Cell_D_00000 61527
FabOnDisk: Cell_D_00000 123055
FabOnDisk: Cell_D_00000 184583
FabOnDisk: Cell_D_00000 246112
FabOnDisk: Cell_D_00000 307640
FabOnDisk: Cell_D_00000 369169
FabOnDisk: Cell_D_00000 430698

8,15
-2.2638107980168042e-02,8.7281150308867132e-03,-3.0761137676954675e+00,-7.0993078118011397e+01,-1.1250238584004975e+01,5.3364335686045883e-01,-9.4611970598626360e-02,-2.3656786757913398e-01,-2.4596416865585741e-01,-2.4290757843692962e-02,-1.7143725203330351e-02,-2.8289560935428077e-02,-4.3944734330566804e-01,-3.9489518154335151e-01,-4.5951180866603331e-01,
-4.3873705410077549e-03,6.8635897770705535e-03,-2.2614966943858245e-01,-4.9743315958413320e-01,-3.3035649760155927e-01,5.9701000964750894e-01,-7.7560201864930012e-02,-4.3676708570975986e-01,-3.0877881539835195e-01,-5.0453192715834372e-01,-6.1470257249673921e-03,-8.2430685312669567e-03,-9.3017481206209701e-02,-4.7263031009268219e-01,-4.9419690056410320e-01,
2.6542496688064391e-03,-1.1608773828722586e-02,-4.8857406439176854e-01,-4.5426607427895832e-01,-4.7135529079820748e-01,5.9706009717804420e-01,-1.6134102527925825e-01,-9.2727159390136038e-02,-1.7491236774497249e-01,-1.0464395285045853e-02,-5.2187694211955449e-01,-1.3180279798188144e-02,-5.2146452891520001e-01,-7.1547255633998330e-02,-5.1732370093995572e-01,
1.5760924572193712e-03,-2.3388142721997415e-05,-3.4682545265501896e-01,-3.1081481856801940e-01,-6.9475116811514237e-01,6.0414521239375918e-01,-6.4298289569877420e-01,-2.5922474667088713e-01,-9.5354669724710961e-01,-5.2334646340513080e-01,-5.2391172068369007e-01,-1.2249676465195498e-02,-3.0877516481825740e-02,-6.5164666264488386e-02,-5.5853453330697167e-01,
-2.2921012678117098e-03,1.1040851821800637e-03,-1.1386395056679621e+00,-9.6837200070251539e-01,-3.9729561542273739e-01,5.9142172567002971e-01,-1.2553365227414448e-01,-4.1934344746701002e-01,-7.8780363854506286e-01,-1.5197575336731606e-02,-6.2063896137854822e-03,-5.2011358585566936e-01,-5.4321885499146572e-01,-5.1557241053935821e-01,-1.9721410296916020e-01,
-6.0582434875362844e-03,-1.6223767741998197e-03,-1.8523063225063691e-01,-3.3293418174657152e-01,-1.5013624325659913e-01,5.9478162519960365e-01,-5.5473625124633585e-01,-1.8787138628511235e+00,-2.8304106890931863e-01,-5.3674858437548789e-01,-9.8028949811347164e-03,-5.1889153586246006e-01,-6.9056111272390641e-02,-5.7914852035971287e-01,-1.1483236728569499e-01,
2.3736074024388841e-03,-3.6892944808785508e-02,-3.7582304833750996e-01,-1.1650041912105850e-01,-1.3332064784191308e-01,5.7846748250528157e-01,-3.1115290552596888e+00,-2.7806742136124951e+00,-2.8963252758146218e+00,-1.3583304353025016e-02,-5.4504784855183097e-01,-5.3111025530248690e-01,-6.0872187441806669e-01,-8.3628097509925350e-02,-9.7740080948774982e-02,
-4.5289568402815134e-03,-1.2463215929760647e-02,-1.0377631047620006e-01,-9.6848840983261048e-02,-1.3084687140225693e-01,5.6531310425455450e-01,-2.5146279413961099e+00,-2.2734051382983571e+00,-3.6418692106322190e+00,-5.4659724937293430e-01,-5.4215295303632360e-01,-5.3235731969419253e-01,-4.4834387183829164e-02,-1.1277973180324968e-01,-9.6914075432833105e-02,

8,15
1.0962271566363062e+00,1.1220020573074079e+00,3.5534078759576317e+00,1.4294450376818915e+00,6.6249871144874017e-01,1.1276112769822491e+00,6.0806892986124968e-02,7.2401200492896001e-02,7.9833983727539873e-02,4.4136046327183853e-01,4.0108298251026692e-01,4.4291374751742196e-01,1.6159278564443869e-02,1.2772339265726582e-02,1.2763803779257430e-02,
1.1353267286403019e+00,1.1168815428311265e+00,5.4117103093854613e-01,1.7068330218426830e-01,2.9334543470750213e-01,1.1421903184173725e+00,1.6807016840907707e-01,5.3797248694842294e-02,8.7012754404621168e-02,3.0216379633136798e-02,4.4601568007850478e-01,4.5862513206795985e-01,5.2893352987475417e-01,7.5752945348752836e-03,9.9174544245561221e-03,
1.2105884187397435e+00,1.1189109507646244e+00,2.1680473593090244e-01,3.7309657090054138e-01,2.8042449136611836e-01,1.2061663422830848e+00,5.5132919020702769e+00,1.6546900342761905e+01,3.2508787382660579e+01,4.8719831711340938e-01,3.9410163922038090e-02,4.6866406167598346e-01,3.1847334131971938e-03,5.6913511275002027e-01,7.8493740175418943e-03,
1.1997814650379623e+00,1.1146340353402528e+00,4.8207339283913608e-01,2.8908006019157972e-01,5.1771140418731876e-01,1.2019555788264040e+00,3.8527191434613839e-01,3.0415336465409198e-01,2.5328971041628501e-01,2.5344526708212928e-02,3.1923265909143773e-02,4.7682091862074072e-01,5.7008374607731593e-01,5.8578121105621550e-01,1.0848953031349483e-02,
1.1679775353858148e+00,1.1208861775584409e+00,2.3655220521147591e-01,2.6023448003813748e-01,3.9319316773995772e-01,1.1694258783361848e+00,2.0926762402010007e-01,1.1058432472356583e+00,4.2948378154837352e-01,4.9888823779698221e-01,4.6687792168237541e-01,8.6469526962047738e-02,5.2811341772594647e-03,7.3216700155574396e-03,5.6449540564231093e-01,
1.2081740941066297e+00,1.1161615097716910e+00,4.4213001259903290e-01,2.3848804511674740e-01,4.0390572530330615e-01,1.2085921623244189e+00,5.5925769898667266e-01,7.7159466394283149e-01,4.6858669924210306e-01,2.8790944943478353e-02,4.9722811580056653e-01,4.1070732593711481e-02,5.8543325700115656e-01,9.9937000360944880e-03,5.7399705360376230e-01,
1.2813823180037598e+00,1.1175455838057164e+00,1.8754862392277521e-01,2.8545532990184785e-01,3.9260988218793197e-01,1.2522985798739894e+00,2.2626474270115011e+00,2.2034032042051086e+00,9.0238556184625973e-01,5.2878775916351861e-01,4.2886339487292258e-02,4.3298200810269930e-02,1.2026873659584342e-02,6.0142693831609229e-01,5.8800550848850186e-01,
1.3334031991965627e+00,1.1195408495003167e+00,1.3913873172661724e+00,1.5285042641718247e+00,1.4296897537687039e+00,1.3230609405710116e+00,6.1663887255375283e+00,5.6710328137350183e+00,1.3327018422865406e+00,3.7824593634388372e-02,4.1149400312305608e-02,4.2155562064477528e-02,6.0333024255253620e-01,6.0914411211203445e-01,5.9417359375948009e-01,

