1
1
15
0
(8 0
((0,0,0) (7,7,7) (0,0,0))
((8,0,0) (15,7,7) (0,0,0))
((0,8,0) (7,15,7) (0,0,0))
((8,8,0) (15,15,7) (0,0,0))
((0,0,8) (7,7,15) (0,0,0))
((8,0,8) (15,7,15) (0,0,0))
((0,8,8) (7,15,15) (0,0,0))
((8,8,8) (15,15,15) (0,0,0))
)
8
FabOnDisk: Cell_D_00000 0
FabOnDisk: Cell_D_00000 61527
FabOnDisk: Cell_D_00000 123055
FabOnDisk: Cell_D_00000 184583
FabOnDisk: Cell_D_00000 246112
FabOnDisk: Cell_D_00000 307640
FabOnDisk: Cell_D_00000 369169
FabOnDisk: Cell_D_00000 430698

8,15
1.1186031188486029e-01,8.8033348561787672e-01,-2.7848201123796150e-04,-2.7848201123799017e-04,-2.7848201123799679e-04,9.9219379750273706e-01,-6.5228636487882905e-04,-6.5228636487882677e-04,-6.5228636487883089e-04,-0.0000000000000000e+00,0.0000000000000000e+00,-0.0000000000000000e+00,-0.0000000000000000e+00,-0.0000000000000000e+00,-0.0000000000000000e+00,
1.1189599581626367e-01,8.8062684292281679e-01,-6.3637152048142808e-04,-2.5520019239290805e-04,-2.5520019239289331e-04,9.9252283873908043e-01,-2.8273362156628094e-04,-6.2844291560316967e-04,-6.2844291560316522e-04,-0.0000000000000000e+00,-0.0000000000000000e+00,0.0000000000000000e+00,-0.0000000000000000e+00,-0.0000000000000000e+00,-0.0000000000000000e+00,
1.1189599581626367e-01,8.8062684292281679e-01,-2.5520019239288171e-04,-6.3637152048145432e-04,-2.5520019239288550e-04,9.9252283873908043e-01,-6.2844291560317954e-04,-2.8273362156629704e-04,-6.2844291560318333e-04,-0.0000000000000000e+00,-0.0000000000000000e+00,0.0000000000000000e+00,-0.0000000000000000e+00,-0.0000000000000000e+00,-0.0000000000000000e+00,
1.1193048796473187e-01,8.8091079351765145e-01,-6.4885906816013964e-04,-6.4885906816012414e-04,-2.3232577530648641e-04,9.9284128148238326e-01,-2.9550898257974049e-04,-2.9550898257972488e-04,-6.0501005999027643e-04,-0.0000000000000000e+00,-0.0000000000000000e+00,0.0000000000000000e+00,-0.0000000000000000e+00,-0.0000000000000000e+00,0.0000000000000000e+00,
1.1189599581626367e-01,8.8062684292281668e-01,-2.5520019239287699e-04,-2.5520019239287889e-04,-6.3637152048143057e-04,9.9252283873908032e-01,-6.2844291560316425e-04,-6.2844291560317921e-04,-2.8273362156630685e-04,-0.0000000000000000e+00,-0.0000000000000000e+00,-0.0000000000000000e+00,-0.0000000000000000e+00,0.0000000000000000e+00,-0.0000000000000000e+00,
1.1193048796473191e-01,8.8091079351765156e-01,-6.4885906816011785e-04,-2.3232577530649692e-04,-6.4885906816010549e-04,9.9284128148238349e-01,-2.9550898257973930e-04,-6.0501005999028445e-04,-2.9550898257971642e-04,-0.0000000000000000e+00,-0.0000000000000000e+00,0.0000000000000000e+00,-0.0000000000000000e+00,-0.0000000000000000e+00,0.0000000000000000e+00,
1.1193048796473191e-01,8.8091079351765156e-01,-2.3232577530645616e-04,-6.4885906816013205e-04,-6.4885906816013986e-04,9.9284128148238349e-01,-6.0501005999025626e-04,-2.9550898257972531e-04,-2.9550898257975903e-04,-0.0000000000000000e+00,-0.0000000000000000e+00,0.0000000000000000e+00,-0.0000000000000000e+00,-0.0000000000000000e+00,0.0000000000000000e+00,
1.1196381176603064e-01,8.8118545220008482e-01,-6.6086839409138626e-04,-6.6086839409136707e-04,-6.6086839409139353e-04,9.9314926396611547e-01,-3.0781299056103080e-04,-3.0781299056101134e-04,-3.0781299056104603e-04,-0.0000000000000000e+00,-0.0000000000000000e+00,-0.0000000000000000e+00,-0.0000000000000000e+00,-0.0000000000000000e+00,0.0000000000000000e+00,

8,15
1.1291164080630087e-01,8.8914626653815176e-01,6.3637152048145410e-04,6.3637152048146624e-04,6.3637152048144174e-04,1.0020579073444527e+00,2.8273362156632290e-04,2.8273362156632734e-04,2.8273362156630002e-04,-0.0000000000000000e+00,0.0000000000000000e+00,-0.0000000000000000e+00,-0.0000000000000000e+00,-0.0000000000000000e+00,-0.0000000000000000e+00,
1.1291737680189901e-01,8.8920131597986407e-01,2.7848201123797781e-04,6.4885906816013422e-04,6.4885906816013021e-04,1.0021186927817631e+00,6.5228636487882981e-04,2.9550898257974016e-04,2.9550898257973621e-04,-0.0000000000000000e+00,-0.0000000000000000e+00,0.0000000000000000e+00,-0.0000000000000000e+00,-0.0000000000000000e+00,-0.0000000000000000e+00,
1.1291737680189903e-01,8.8920131597986407e-01,6.4885906816014994e-04,2.7848201123798985e-04,6.4885906816012132e-04,1.0021186927817631e+00,2.9550898257974840e-04,6.5228636487883425e-04,2.9550898257972466e-04,-0.0000000000000000e+00,-0.0000000000000000e+00,0.0000000000000000e+00,-0.0000000000000000e+00,-0.0000000000000000e+00,-0.0000000000000000e+00,
1.1292189109853890e-01,8.8924691260082400e-01,2.5520019239288089e-04,2.5520019239290420e-04,6.6086839409138474e-04,1.0021688036993628e+00,6.2844291560316826e-04,6.2844291560316577e-04,3.0781299056106034e-04,-0.0000000000000000e+00,-0.0000000000000000e+00,0.0000000000000000e+00,-0.0000000000000000e+00,-0.0000000000000000e+00,0.0000000000000000e+00,
1.1291737680189903e-01,8.8920131597986396e-01,6.4885906816012327e-04,6.4885906816013108e-04,2.7848201123798237e-04,1.0021186927817629e+00,2.9550898257973962e-04,2.9550898257974748e-04,6.5228636487884499e-04,-0.0000000000000000e+00,-0.0000000000000000e+00,-0.0000000000000000e+00,-0.0000000000000000e+00,0.0000000000000000e+00,-0.0000000000000000e+00,
1.1292189109853891e-01,8.8924691260082400e-01,2.5520019239289526e-04,6.6086839409137282e-04,2.5520019239290062e-04,1.0021688036993630e+00,6.2844291560318008e-04,3.0781299056103009e-04,6.2844291560320632e-04,-0.0000000000000000e+00,-0.0000000000000000e+00,0.0000000000000000e+00,-0.0000000000000000e+00,-0.0000000000000000e+00,0.0000000000000000e+00,
1.1292189109853891e-01,8.8924691260082400e-01,6.6086839409138431e-04,2.5520019239287038e-04,2.5520019239290762e-04,1.0021688036993630e+00,3.0781299056101594e-04,6.2844291560316024e-04,6.2844291560320306e-04,-0.0000000000000000e+00,-0.0000000000000000e+00,0.0000000000000000e+00,-0.0000000000000000e+00,-0.0000000000000000e+00,0.0000000000000000e+00,
1.1290568016937907e-01,8.8913291204186518e-01,2.3232577530647014e-04,2.3232577530649419e-04,2.3232577530648416e-04,1.0020385922112443e+00,6.0501005999024954e-04,6.0501005999025821e-04,6.0501005999024293e-04,-0.0000000000000000e+00,-0.0000000000000000e+00,-0.0000000000000000e+00,-0.0000000000000000e+00,-0.0000000000000000e+00,0.0000000000000000e+00,

