1
1
15
0
(8 0
((0,0,0) (7,7,7) (0,0,0))
((8,0,0) (15,7,7) (0,0,0))
((0,8,0) (7,15,7) (0,0,0))
((8,8,0) (15,15,7) (0,0,0))
((0,0,8) (7,7,15) (0,0,0))
((8,0,8) (15,7,15) (0,0,0))
((0,8,8) (7,15,15) (0,0,0))
((8,8,8) (15,15,15) (0,0,0))
)
8
FabOnDisk: Cell_D_00000 0
FabOnDisk: Cell_D_00000 61527
FabOnDisk: Cell_D_00000 123055
FabOnDisk: Cell_D_00000 184583
FabOnDisk: Cell_D_00000 246112
FabOnDisk: Cell_D_00000 307640
FabOnDisk: Cell_D_00000 369169
FabOnDisk: Cell_D_00000 430698

8,15
0.00000000000000000e+00,0.00000000000000000e+00,-2.31679682485516270e+05,-1.49775999458615115e+05,-2.12649208958634350e+05,9.99999999999999334e-01,-1.49362202236539306e+05,-1.01000856895983990e+05,-3.49037264184583546e+03,-2.22222222222222238e-01,-1.11111111111111119e-01,-0.00000000000000000e+00,-2.22205402523922457e-01,-1.11094438078013447e-01,-0.00000000000000000e+00,
0.00000000000000000e+00,0.00000000000000000e+00,-1.60192790393777599e+05,-1.02992143162785665e+05,-2.03383142573199148e+05,9.99999999999999334e-01,-2.03145462729959225e+05,-5.14191542169370296e+04,-8.73459069441423489e+04,-2.22222222222222238e-01,-1.11111111111111119e-01,-0.00000000000000000e+00,-2.22222222222222238e-01,-1.11107526568555687e-01,-0.00000000000000000e+00,
0.00000000000000000e+00,0.00000000000000000e+00,-3.04644065392698103e+05,-1.79271619537430292e+05,-4.17229741549278042e+04,9.99999999999999334e-01,-1.37219237852100894e+05,-2.95886787697647698e+05,-3.02321683024481346e+05,-2.22222222222222238e-01,-1.11111111111111119e-01,-0.00000000000000000e+00,-2.22204631383129347e-01,-1.11111111111111119e-01,-0.00000000000000000e+00,
0.00000000000000000e+00,0.00000000000000000e+00,-3.87387301498614834e+05,-2.58630884433829429e+05,-4.13896739616589097e+05,9.99999999999999334e-01,-5.04346881550761173e+04,-7.02660565261404699e+04,-1.23742926929443885e+05,-2.22222222222222238e-01,-1.11111111111111119e-01,-0.00000000000000000e+00,-2.22222222222222238e-01,-1.11111111111111119e-01,-0.00000000000000000e+00,
0.00000000000000000e+00,0.00000000000000000e+00,-1.92696828127525019e+05,-4.52020753363023221e+05,-3.82278489791037864e+05,9.99999999999999334e-01,-1.88178978496349650e+05,-1.01619792811933279e+05,-4.04268659346083659e+04,-2.22222222222222238e-01,-1.11111111111111119e-01,-0.00000000000000000e+00,-2.22204631383129403e-01,-1.11110965297808673e-01,-0.00000000000000000e+00,
0.00000000000000000e+00,0.00000000000000000e+00,-5.68517918422463932e+05,-2.78457621729494131e+05,-4.09375028745489952e+05,9.99999999999999334e-01,-2.59182134708646103e+05,-1.42073708842530381e+05,-3.10182659750610255e+04,-2.22222222222222238e-01,-1.11111111111111119e-01,-0.00000000000000000e+00,-2.22222222222222238e-01,-1.11111098601250416e-01,-0.00000000000000000e+00,
0.00000000000000000e+00,0.00000000000000000e+00,-1.56991289312002715e+05,-4.03639848424263590e+05,-1.97404073261655401e+05,9.99999999999999334e-01,-6.88118498938163248e+04,-1.56231793006545304e+04,-3.32045776579909580e+04,-2.22222222222222238e-01,-1.11111111111111119e-01,-0.00000000000000000e+00,-2.22221929297712784e-01,-1.11111111111111119e-01,-0.00000000000000000e+00,
0.00000000000000000e+00,0.00000000000000000e+00,-7.17683150586633128e+05,-4.88663238463640912e+05,-7.63430820851760218e+05,9.99999999999999334e-01,-1.43480704647706298e+04,-2.15157521007074211e+04,-6.25625989507554732e+03,-2.22222222222222238e-01,-1.11111111111111119e-01,-0.00000000000000000e+00,-2.22222222222222238e-01,-1.11111111111111119e-01,-0.00000000000000000e+00,

8,15
1.00000000000000022e+00,1.00000000000000022e+00,1.14267281752534458e+05,2.66377803654272924e+05,1.50040895129205252e+05,1.00000000000000067e+00,8.59001006597891246e+04,8.57544011905872030e+04,1.00402470367499598e+05,4.44444444444444475e-01,5.55555555555555580e-01,6.66666666666666741e-01,4.44444444444444420e-01,5.55555555483975283e-01,6.66666373335708551e-01,
1.00000000000000022e+00,1.00000000000000022e+00,1.63473362929059542e+05,7.18069398707662476e+04,1.85634109496348858e+05,1.00000000000000067e+00,9.17129436919625587e+04,2.58988813259871909e+05,1.09811692971216049e+05,4.44444444444444475e-01,5.55555555555555580e-01,6.66666666666666741e-01,4.44444152908005263e-01,5.55555555555555469e-01,6.66666666595086443e-01,
1.00000000000000022e+00,1.00000000000000022e+00,2.95242604306497145e+05,2.27756320574524550e+05,1.87389568242167355e+05,1.00000000000000067e+00,8.98567889834697125e+04,9.97508481400127785e+04,1.20715249180252024e+05,4.44444444444444475e-01,5.55555555555555580e-01,6.66666666666666741e-01,4.44444444444444420e-01,5.55554343729239841e-01,6.66666666595086221e-01,
1.00000000000000022e+00,1.00000000000000022e+00,1.35757660357425193e+05,1.08724066078349759e+05,2.09210806038732990e+05,1.00000000000000067e+00,1.87275575466497859e+05,1.11136095724194180e+05,3.84453894092423143e+04,4.44444444444444475e-01,5.55555555555555580e-01,6.66666666666666741e-01,4.44427144856547884e-01,5.55555409716017246e-01,6.66666666666666519e-01,
1.00000000000000022e+00,1.00000000000000022e+00,2.74038272977653483e+05,1.51356325134886516e+05,1.32297511529408745e+05,1.00000000000000067e+00,1.19501554386214615e+05,1.77339464081665821e+05,2.46889561884031136e+05,4.44444444444444475e-01,5.55555555555555580e-01,6.66666666666666741e-01,4.44444444444444475e-01,5.55555555484252173e-01,6.66666666657292351e-01,
1.00000000000000022e+00,1.00000000000000022e+00,4.10470546123083914e+05,2.71591059775812028e+05,2.53039523936713842e+05,1.00000000000000067e+00,9.25735164157068066e+04,9.82384976338388879e+03,7.04563044722201739e+04,4.44444444444444475e-01,5.55555555555555580e-01,6.66666666666666741e-01,4.44427144856547995e-01,5.55555555555555469e-01,6.66666666666666075e-01,
1.00000000000000022e+00,1.00000000000000022e+00,4.33648802286317048e+05,2.34113221181247238e+05,1.73460976488875225e+05,1.00000000000000067e+00,2.71746911179090566e+04,6.32907840045188350e+04,4.16792892537844018e+04,4.44444444444444475e-01,5.55555555555555580e-01,6.66666666666666741e-01,4.44444444444444475e-01,5.55538255990114971e-01,6.66666666666666075e-01,
1.00000000000000022e+00,1.00000000000000022e+00,6.62086521056782512e+04,3.09400414909954765e+05,1.37879443306198868e+05,1.00000000000000067e+00,1.75994121435280686e+04,4.95998393702775684e+03,4.22959561533654232e+03,4.44444444444444475e-01,5.55555555555555580e-01,6.66666666666666741e-01,4.44443859577630329e-01,5.55538255990114860e-01,6.66666666666666741e-01,

