1
1
15
0
(8 0
((0,0,0) (7,7,7) (0,0,0))
((8,0,0) (15,7,7) (0,0,0))
((0,8,0) (7,15,7) (0,0,0))
((8,8,0) (15,15,7) (0,0,0))
((0,0,8) (7,7,15) (0,0,0))
((8,0,8) (15,7,15) (0,0,0))
((0,8,8) (7,15,15) (0,0,0))
((8,8,8) (15,15,15) (0,0,0))
)
8
FabOnDisk: Cell_D_00000 0
FabOnDisk: Cell_D_00000 61527
FabOnDisk: Cell_D_00000 123055
FabOnDisk: Cell_D_00000 184583
FabOnDisk: Cell_D_00000 246112
FabOnDisk: Cell_D_00000 307640
FabOnDisk: Cell_D_00000 369169
FabOnDisk: Cell_D_00000 430698

8,15
6.6409100064471635e-02,8.7921039591297889e-01,6.7702595094627010e-03,1.8268850693097135e-02,2.7306167248854516e-02,9.7685297360290813e-01,7.6810437463682799e-03,1.8826460176636847e-02,2.7740924760056473e-02,-4.8257773942361332e-03,-1.9196825563979100e-02,-6.7804618347521009e-02,-9.7594552196041164e-03,-1.7275894138096826e-02,-1.8955638040451781e-02,
6.6711271569887251e-02,8.4340542231898630e-01,9.4530608946915371e-03,1.8175964799520501e-02,2.6793702901648227e-02,9.5303608863851719e-01,9.6597929521538110e-03,1.8534921849282304e-02,2.7188456873054233e-02,-2.9209446824716337e-02,-2.5136875789506519e-02,-9.4717103069533917e-02,-7.1399579179635981e-03,-2.6467890526952090e-02,-2.9875850864882980e-02,
6.6751112480967614e-02,7.4230240210362908e-01,6.6990579313456425e-03,1.8650141062296816e-02,2.5290861184366284e-02,8.9156165333637971e-01,7.3115911727977346e-03,1.9160167511571895e-02,2.5598073559350756e-02,-8.7549575140307423e-03,-5.5887305699843126e-02,-1.5911413839609628e-01,-3.2008329674842975e-02,-2.1617036537657775e-02,-6.3822045931580501e-02,
6.7694780762355813e-02,6.4883407170494956e-01,9.1689641636749399e-03,1.8658282146013214e-02,2.4162352685014536e-02,8.4284542577995247e-01,8.4945425778139780e-03,1.8459253109477033e-02,2.4565791027367584e-02,-7.3071589368066792e-02,-7.8078445081181572e-02,-2.1034062788185021e-01,-2.5068991098062342e-02,-3.4432281754892644e-02,-1.0395814170265867e-01,
6.6832132768409047e-02,5.5243977078285589e-01,4.2381221734985944e-03,1.4020107772691344e-02,2.5963909756401848e-02,8.0606254915366127e-01,6.5475215198755833e-03,1.5900807401303941e-02,2.6132263064120514e-02,-1.5443446091334689e-02,-8.2181063572147939e-02,-9.6745870813981630e-02,-8.7325180625799317e-02,-1.4215341800525716e-01,-5.4468429448531600e-02,
6.7675977870258169e-02,4.0009418994792839e-01,7.9560402450913198e-03,1.3777464479630030e-02,2.5076610903897817e-02,7.7662539699247812e-01,7.1385581984806856e-03,1.5617127561565643e-02,2.4332261602295895e-02,-1.2789146524922840e-01,-1.1542447340280676e-01,-1.2899947974214826e-01,-6.1214442539882022e-02,-2.2350603984913525e-01,-8.5962249891801193e-02,
6.9191540586560296e-02,1.5184262880441712e-01,4.4726322516583867e-03,1.5163460373075914e-02,2.4478205970959659e-02,7.7456130343540974e-01,6.6008880810219904e-03,1.3656089604377161e-02,2.1670759975707204e-02,-3.6624268528447149e-02,-1.9130725257631781e-01,-1.9806709446042259e-01,-2.4352147351767930e-01,-1.7701179083692312e-01,-1.7647604111018655e-01,
7.2130986203416292e-02,5.8072765004844727e-02,6.8127169906351988e-03,1.4438201274841522e-02,2.2462901499819127e-02,7.7422112466061010e-01,2.9831831093770091e-03,1.1501302962036896e-02,1.9656629018771257e-02,-2.2362378409400122e-01,-2.2945827221915677e-01,-2.3430859381118740e-01,-1.4603602815848787e-01,-2.5635027427356760e-01,-2.6293874429154107e-01,

8,15
9.7642577689929205e-02,9.8278243574411239e-01,1.4284734858910011e-02,2.8150787791510333e-02,4.0036621942876383e-02,1.0491915358085839e+00,1.4852566196572400e-02,2.7468860779883648e-02,3.9411723912324982e-02,2.8366914391842191e-02,4.8567359901538945e-02,5.8479776584181409e-02,1.3749847324441263e-03,5.6420235837099306e-03,2.4228161611734723e-02,
1.0963066631953086e-01,9.8183324325682386e-01,1.6412276058698015e-02,2.8443595157833595e-02,4.0486438509958540e-02,1.0485736779862223e+00,1.4465925121143891e-02,2.7944970725504340e-02,3.9450144648671609e-02,1.9431950654639839e-02,6.7623251738636175e-02,8.4626617266775922e-02,9.7195343660493108e-03,7.4376256624118899e-03,3.7098711296481110e-02,
1.4925925123275069e-01,9.8189319686043441e-01,1.4489561223840434e-02,2.8286827202475683e-02,4.0419158218139489e-02,1.0486443093414020e+00,1.7386904485446709e-02,2.7744207973933326e-02,3.9281916965053940e-02,6.9250695713581140e-02,5.3986897154646864e-02,1.4793360349679385e-01,2.4851281659641492e-03,2.2026144717607422e-02,7.7579783660688462e-02,
1.9401135407500286e-01,9.7843446565823899e-01,1.6022467691825634e-02,2.8380095402438028e-02,4.0897286492368519e-02,1.0461292464205949e+00,1.7024132226760250e-02,2.9036933786737055e-02,3.9342745971132277e-02,4.5615469940288825e-02,7.4555976138958008e-02,2.0211031160918147e-01,3.3027077887563538e-02,3.5123611480940738e-02,1.2377309887784455e-01,
2.5362277837080538e-01,9.8151101431288823e-01,1.4790594150521514e-02,2.8451594962255126e-02,3.9220508045008248e-02,1.0483431470812974e+00,1.5303983499129637e-02,2.7247889053787559e-02,4.0229611532284514e-02,1.3224187114807223e-01,1.9907885311509010e-01,1.0684024121512489e-01,4.4651892989042725e-03,2.9123558344750340e-02,5.2215167872765901e-02,
3.7707605236894037e-01,9.7826186108692093e-01,1.7635407071902000e-02,2.8559062585594354e-02,3.9693495726935937e-02,1.0459378389571792e+00,1.4912581328307209e-02,2.7744172840172859e-02,4.0244526677626617e-02,6.9370701582720906e-02,2.3415069839045638e-01,1.3948168549408557e-01,8.0977435532670283e-02,4.4764673000895629e-02,8.5337235370441106e-02,
7.4474285771580195e-01,9.7347065578817482e-01,1.5267126798083577e-02,2.8536570225691754e-02,3.9654012254521503e-02,1.0426735244988907e+00,1.8198042481537662e-02,2.7635661655338983e-02,4.0125522719105647e-02,2.2057612253662989e-01,1.6499202672956831e-01,1.9518723124084839e-01,1.1544252620936814e-02,1.7592045436339149e-01,1.8058062037101630e-01,
1.0428082875523956e+00,9.6241342652149409e-01,1.7301225245891158e-02,2.8536543261583273e-02,4.0023717714460387e-02,1.1008810525572403e+00,1.7806217060184218e-02,2.8644753654029458e-02,4.0281427312689265e-02,7.5419028328484267e-02,1.6817528885276656e-01,2.3725373741245151e-01,2.4685532593235451e-01,2.5956121957542100e-01,2.6263927063850367e-01,

