1
1
15
0
(8 0
((0,0,0) (7,7,7) (0,0,0))
((8,0,0) (15,7,7) (0,0,0))
((0,8,0) (7,15,7) (0,0,0))
((8,8,0) (15,15,7) (0,0,0))
((0,0,8) (7,7,15) (0,0,0))
((8,0,8) (15,7,15) (0,0,0))
((0,8,8) (7,15,15) (0,0,0))
((8,8,8) (15,15,15) (0,0,0))
)
8
FabOnDisk: Cell_D_00000 0
FabOnDisk: Cell_D_00000 61527
FabOnDisk: Cell_D_00000 123055
FabOnDisk: Cell_D_00000 184583
FabOnDisk: Cell_D_00000 246112
FabOnDisk: Cell_D_00000 307640
FabOnDisk: Cell_D_00000 369169
FabOnDisk: Cell_D_00000 430698

8,15
7.5261885018541835e-02,7.4700595567986916e-01,8.2004165281509764e-03,1.6725067917190958e-02,2.8809653925118341e-02,8.9947271706956988e-01,8.7164822088565685e-03,1.6852550123657953e-02,2.7909670408248655e-02,-2.6987010158278132e-02,-1.1377555295295852e-01,-5.6604469568769328e-02,-4.7274858034015571e-02,-1.2481955603690288e-02,-4.9147196202715005e-04,
7.4664271134811611e-02,5.0386785438985726e-01,8.1633816533181122e-03,1.2992589441478943e-02,2.5327850027467531e-02,7.9669399922247230e-01,7.2019752473905380e-03,1.4487010367856192e-02,2.7497047938488645e-02,-1.0274388496449588e-01,-2.1015043500708677e-01,-1.1665153250986510e-01,-5.8097849947406299e-02,-3.1812743079332489e-02,-5.0145276003206018e-04,
7.4968322529788425e-02,4.2973452775775633e-01,6.0076939915201209e-03,1.4833035507998901e-02,2.5010262648768711e-02,7.8658284824472102e-01,7.1937378713754540e-03,1.7316255261253147e-02,2.5548875653362828e-02,-6.9772469236419221e-02,-1.2205781724779050e-01,-1.3272388476166774e-01,-1.8477019366013148e-01,-7.4991949755980308e-02,-4.5787236793471027e-04,
7.5499497361137202e-02,9.5100213391073538e-02,6.2036178604865889e-03,1.1892294236417357e-02,2.0324455626195899e-02,7.8246109627702387e-01,5.0204746958452933e-03,1.3683135207854158e-02,2.2568772988156054e-02,-1.9943443426487897e-01,-1.8114059846984620e-01,-2.2340295862660101e-01,-2.1437641150996867e-01,-2.2025979346766572e-01,-5.6246143136298287e-04,
7.5036674441504567e-02,7.2240257144409703e-01,6.2588957719927766e-03,1.7128470526660385e-02,2.5457706917592225e-02,8.8599855153464657e-01,7.5692321360453247e-03,1.5498055647770619e-02,2.7941708370712387e-02,-3.0462983516683056e-02,-1.2561567703910320e-01,-6.9987049973669196e-03,-5.6437149456033495e-02,-1.3401209894892449e-02,-2.4002464968378007e-02,
7.4588910626543534e-02,4.5300765263709991e-01,7.1212069587377382e-03,1.3913106293043090e-02,2.5444425479678696e-02,7.8774475013570000e-01,6.8577515499925537e-03,1.3914640834347194e-02,2.7309706557053517e-02,-1.1401986997666565e-01,-2.2301527666999768e-01,-1.8151182340433877e-02,-6.9280543986161985e-02,-3.5308937773685795e-02,-7.1522360820411204e-02,
7.4708469909487984e-02,3.8431024763804728e-01,5.7943197074889477e-03,1.4174445868136343e-02,2.2688136542504369e-02,7.8455491589007864e-01,4.4687449436238164e-03,1.4463359029170574e-02,2.3159499062471639e-02,-7.7963867433879078e-02,-1.3018094040160660e-01,-8.7573517560437728e-03,-2.1546467719003715e-01,-8.6381971212996025e-02,-9.2240092532378304e-02,
7.5402025311197413e-02,6.8074411025937656e-02,5.5034254621557548e-03,1.2823673210182093e-02,2.0257196456226256e-02,7.8246815570578276e-01,4.3157296632950013e-03,1.1466959389075382e-02,1.9486858374931547e-02,-2.1433117655433157e-01,-1.7870810437857076e-01,-1.8043998203337068e-02,-2.4144703340942031e-01,-2.4995486841942149e-01,-2.4507650212274226e-01,

8,15
1.5246676138970072e-01,9.6406417822331647e-01,1.1745146571835369e-02,2.1599344021661051e-02,3.1801065857717539e-02,1.0393260632418584e+00,1.3706486931955903e-02,2.1390467545574623e-02,3.1779152312331707e-02,9.7527947684098032e-02,3.8755726525014342e-02,1.6139746726440141e-03,8.5138780964280278e-03,5.5286438868440771e-02,2.4138356088638298e-02,
2.9282614483261504e-01,9.6585223485804972e-01,1.1949015610690464e-02,2.1652734195495661e-02,3.1902312530586757e-02,1.0405165059928614e+00,1.4609689309535774e-02,2.1550417041346782e-02,3.1872357316241356e-02,9.6789375220968532e-02,8.6895751390265646e-02,1.7559658294157010e-03,5.7572952637204522e-02,1.6429961711483893e-01,7.2816153124705602e-02,
3.5684832048696469e-01,9.6481066495250078e-01,1.2175551134699883e-02,2.1492253592818183e-02,3.1373140383662526e-02,1.0398067165588212e+00,1.4529457270934713e-02,2.2193151705304455e-02,3.1275978280847765e-02,2.0466310839315849e-01,1.2424200320400347e-01,1.4954080451856366e-03,2.4798693546506261e-02,7.6937203225458162e-02,9.0209424680473563e-02,
9.1338486844666422e-01,9.6320473270292628e-01,1.2621352603042719e-02,2.1277302028287131e-02,3.1296043144824641e-02,1.0387042300640634e+00,1.5446341697879206e-02,2.3165434387902761e-02,3.1818700583694307e-02,1.5155762812086687e-01,2.1186831999580769e-01,1.9335690253320659e-03,2.0417763324930988e-01,2.2546955203065258e-01,2.5068797657700503e-01,
1.6359598009054954e-01,9.6488135105266581e-01,1.1988732305557841e-02,2.0902986174273962e-02,3.1580316573208249e-02,1.0399180254941705e+00,1.2887138779478349e-02,2.1113432344194868e-02,3.2419978889462769e-02,1.1015910511572552e-01,4.1615284238813707e-02,5.7829379373538520e-02,9.6757361140766794e-03,6.4489469889820794e-02,3.5704030668596513e-03,
3.3473709749860009e-01,9.6623433652857071e-01,1.2469757441258823e-02,2.1221392287182100e-02,3.1298705258162203e-02,1.0408232471551142e+00,1.3640722077945946e-02,2.0836851456214767e-02,3.2952495911291048e-02,1.0661248629478573e-01,9.5064210588389653e-02,1.2072734905070609e-01,6.8313553124192489e-02,1.9308006721397045e-01,1.5570283215900330e-02,
4.0084963135397506e-01,9.6585443383188374e-01,1.2210598388598710e-02,2.0969309917435116e-02,3.0104268701778038e-02,1.0405629037413717e+00,1.2414042930009972e-02,2.1324974314502601e-02,3.2190129653819406e-02,2.1695421934125647e-01,1.3548770645265695e-01,1.3954507716466774e-01,2.8239728348668391e-02,8.8467350519132029e-02,7.3594715294320705e-03,
1.0157618685641343e+00,9.6368939183585789e-01,1.2389142157090329e-02,2.0553617771121111e-02,2.9752029505838388e-02,1.0838362795900720e+00,1.2827232994917817e-02,2.1022222483328218e-02,3.2366886394770561e-02,1.5354299876056726e-01,2.2607369082782741e-01,2.2252683838475878e-01,2.3319207877936410e-01,2.5389581318265020e-01,2.8279490485756981e-02,

