1
1
15
0
(8 0
((0,0,0) (7,7,7) (0,0,0))
((8,0,0) (15,7,7) (0,0,0))
((0,8,0) (7,15,7) (0,0,0))
((8,8,0) (15,15,7) (0,0,0))
((0,0,8) (7,7,15) (0,0,0))
((8,0,8) (15,7,15) (0,0,0))
((0,8,8) (7,15,15) (0,0,0))
((8,8,8) (15,15,15) (0,0,0))
)
8
FabOnDisk: Cell_D_00000 0
FabOnDisk: Cell_D_00000 61527
FabOnDisk: Cell_D_00000 123055
FabOnDisk: Cell_D_00000 184583
FabOnDisk: Cell_D_00000 246112
FabOnDisk: Cell_D_00000 307640
FabOnDisk: Cell_D_00000 369169
FabOnDisk: Cell_D_00000 430698

8,15
1.1269124741936598e-01,8.8730865351551313e-01,-2.6669296103815281e-17,-2.9449658352520399e-17,-1.7020243077148002e-17,9.9999990093487912e-01,-3.4736173831507343e-17,-2.2000965209387941e-17,-1.8816006508055992e-17,-0.0000000000000000e+00,-0.0000000000000000e+00,-0.0000000000000000e+00,-0.0000000000000000e+00,-0.0000000000000000e+00,-0.0000000000000000e+00,
1.1269124711311797e-01,8.8730865110417656e-01,-3.1424634971980651e-08,-2.2405458123488353e-17,-2.8222974142551688e-17,9.9999989821729451e-01,-3.1424634944473421e-08,-4.9210734231434932e-17,-4.1106095349644506e-17,-0.0000000000000000e+00,-0.0000000000000000e+00,-0.0000000000000000e+00,-0.0000000000000000e+00,-0.0000000000000000e+00,-0.0000000000000000e+00,
1.1269124711311797e-01,8.8730865110417656e-01,-2.2440561857281470e-17,-3.1424634980870421e-08,-2.6307204110729468e-17,9.9999989821729451e-01,-3.0250171878280680e-17,-3.1424634956052143e-08,-3.8210252071394232e-17,-0.0000000000000000e+00,0.0000000000000000e+00,-0.0000000000000000e+00,-0.0000000000000000e+00,-0.0000000000000000e+00,-0.0000000000000000e+00,
1.1269124680689914e-01,8.8730864869306969e-01,-3.1424268275543845e-08,-3.1424268254621859e-08,-2.7463684850764464e-17,9.9999989549996882e-01,-3.1424268267632570e-08,-3.1424268277621133e-08,-3.0828411003366190e-17,-0.0000000000000000e+00,-0.0000000000000000e+00,0.0000000000000000e+00,-0.0000000000000000e+00,-0.0000000000000000e+00,0.0000000000000000e+00,
1.1269124711311795e-01,8.8730865110417656e-01,-2.0886884611928539e-17,-2.5547915630627872e-17,-3.1424634966595434e-08,9.9999989821729451e-01,-2.9961050885445829e-17,-2.9093688751341443e-17,-3.1424634918275573e-08,-0.0000000000000000e+00,0.0000000000000000e+00,-0.0000000000000000e+00,-0.0000000000000000e+00,0.0000000000000000e+00,-0.0000000000000000e+00,
1.1269124680689910e-01,8.8730864869306969e-01,-3.1424268277459608e-08,-1.6658150514339716e-17,-3.1424268253103282e-08,9.9999989549996882e-01,-3.1424268282540813e-08,-3.0394728970144656e-17,-3.1424268255331044e-08,-0.0000000000000000e+00,-0.0000000000000000e+00,0.0000000000000000e+00,-0.0000000000000000e+00,-0.0000000000000000e+00,0.0000000000000000e+00,
1.1269124680689911e-01,8.8730864869306980e-01,-1.9765503279544219e-17,-3.1424268243419127e-08,-3.1424268238033910e-08,9.9999989549996893e-01,-1.8237765827093958e-17,-3.1424268258516001e-08,-3.1424268232318158e-08,-0.0000000000000000e+00,-0.0000000000000000e+00,0.0000000000000000e+00,-0.0000000000000000e+00,-0.0000000000000000e+00,0.0000000000000000e+00,
1.1269124650070955e-01,8.8730864628219253e-01,-3.1423901508340870e-08,-3.1423901521529576e-08,-3.1423901515349962e-08,9.9999989278290213e-01,-3.1423901516678678e-08,-3.1423901498874595e-08,-3.1423901487440438e-08,-0.0000000000000000e+00,-0.0000000000000000e+00,0.0000000000000000e+00,-0.0000000000000000e+00,-0.0000000000000000e+00,0.0000000000000000e+00,

8,15
1.1269127069581988e-01,8.8730883678971850e-01,3.1424634983580575e-08,3.1424634982821290e-08,3.1424634961537205e-08,1.0000001074855385e+00,3.1424634956196708e-08,3.1424634945051660e-08,3.1424634936513330e-08,-0.0000000000000000e+00,-0.0000000000000000e+00,-0.0000000000000000e+00,-0.0000000000000000e+00,-0.0000000000000000e+00,-0.0000000000000000e+00,
1.1269127038809508e-01,8.8730883436675512e-01,1.8573920320202994e-17,3.1424268256175530e-08,3.1424268243021935e-08,1.0000001047548501e+00,1.8816007657573568e-17,3.1424268274002489e-08,3.1424268265897847e-08,-0.0000000000000000e+00,-0.0000000000000000e+00,-0.0000000000000000e+00,-0.0000000000000000e+00,-0.0000000000000000e+00,-0.0000000000000000e+00,
1.1269127038809507e-01,8.8730883436675512e-01,3.1424268249995928e-08,2.4753526214251217e-17,3.1424268215196155e-08,1.0000001047548501e+00,3.1424268262568325e-08,2.6197848693956321e-17,3.1424268227398472e-08,-0.0000000000000000e+00,0.0000000000000000e+00,-0.0000000000000000e+00,-0.0000000000000000e+00,-0.0000000000000000e+00,-0.0000000000000000e+00,
1.1269127008039949e-01,8.8730883194402088e-01,2.3959138303473749e-17,3.0968235155472625e-17,3.1423901502955653e-08,1.0000001020244205e+00,3.4591615617560737e-17,1.9538809182609550e-17,3.1423901490480829e-08,-0.0000000000000000e+00,-0.0000000000000000e+00,0.0000000000000000e+00,-0.0000000000000000e+00,-0.0000000000000000e+00,0.0000000000000000e+00,
1.1269127038809508e-01,8.8730883436675512e-01,3.1424268251946804e-08,3.1424268250031033e-08,2.0092496613893041e-17,1.0000001047548501e+00,3.1424268251567849e-08,3.1424268236659606e-08,3.3868813875129265e-17,-0.0000000000000000e+00,0.0000000000000000e+00,-0.0000000000000000e+00,-0.0000000000000000e+00,0.0000000000000000e+00,-0.0000000000000000e+00,
1.1269127008039947e-01,8.8730883194402099e-01,1.8211826883951900e-17,3.1423901524999017e-08,2.2802654870059906e-17,1.0000001020244205e+00,3.0394734341260435e-17,3.1423901510164201e-08,4.8487942488156160e-17,-0.0000000000000000e+00,-0.0000000000000000e+00,0.0000000000000000e+00,-0.0000000000000000e+00,-0.0000000000000000e+00,0.0000000000000000e+00,
1.1269127008039946e-01,8.8730883194402099e-01,3.1423901510291739e-08,3.0173844783973822e-17,3.3281200686741815e-17,1.0000001020244205e+00,3.1423901505678195e-08,2.2434649190292819e-17,3.7776578306671302e-17,-0.0000000000000000e+00,-0.0000000000000000e+00,0.0000000000000000e+00,-0.0000000000000000e+00,-0.0000000000000000e+00,0.0000000000000000e+00,
1.1269126977273322e-01,8.8730882952151702e-01,2.6704399324990401e-17,1.8971115424651331e-17,2.3597045997961624e-17,1.0000000992942502e+00,2.9961052270928548e-17,3.0250172394140948e-17,3.0394733593548105e-17,-0.0000000000000000e+00,-0.0000000000000000e+00,0.0000000000000000e+00,-0.0000000000000000e+00,-0.0000000000000000e+00,0.0000000000000000e+00,

