1
1
15
0
(8 0
((0,0,0) (7,7,7) (0,0,0))
((8,0,0) (15,7,7) (0,0,0))
((0,8,0) (7,15,7) (0,0,0))
((8,8,0) (15,15,7) (0,0,0))
((0,0,8) (7,7,15) (0,0,0))
((8,0,8) (15,7,15) (0,0,0))
((0,8,8) (7,15,15) (0,0,0))
((8,8,8) (15,15,15) (0,0,0))
)
8
FabOnDisk: Cell_D_00000 0
FabOnDisk: Cell_D_00000 61527
FabOnDisk: Cell_D_00000 123055
FabOnDisk: Cell_D_00000 184583
FabOnDisk: Cell_D_00000 246112
FabOnDisk: Cell_D_00000 307640
FabOnDisk: Cell_D_00000 369169
FabOnDisk: Cell_D_00000 430698

8,15
1.1265004800203851e-01,8.8698491330400142e-01,-2.5453822513128118e-05,-2.5453822513116486e-05,-2.5453822513123097e-05,9.9963496130603990e-01,-2.5640297316311191e-05,-2.5640297316325370e-05,-2.5640297316303513e-05,-0.0000000000000000e+00,-0.0000000000000000e+00,0.0000000000000000e+00,-0.0000000000000000e+00,-0.0000000000000000e+00,0.0000000000000000e+00,
1.1264873088524482e-01,8.8697456050322443e-01,-2.0791582381493197e-05,-2.4553924560010881e-05,-2.4553924560007086e-05,9.9962329138846928e-01,-2.0605692661120555e-05,-2.4740386748184300e-05,-2.4740386748128589e-05,-0.0000000000000000e+00,-0.0000000000000000e+00,0.0000000000000000e+00,-0.0000000000000000e+00,-0.0000000000000000e+00,0.0000000000000000e+00,
1.1264873088524482e-01,8.8697456050322454e-01,-2.4553924560024826e-05,-2.0791582381463812e-05,-2.4553924560008204e-05,9.9962329138846939e-01,-2.4740386748177646e-05,-2.0605692661085668e-05,-2.4740386748158252e-05,-0.0000000000000000e+00,-0.0000000000000000e+00,0.0000000000000000e+00,-0.0000000000000000e+00,-0.0000000000000000e+00,0.0000000000000000e+00,
1.1264739846533481e-01,8.8696408719964892e-01,-2.1721461600935970e-05,-2.1721461600914282e-05,-2.3652819771212392e-05,9.9961148566498370e-01,-2.1535582309473054e-05,-2.1535582309471895e-05,-2.3839269353271793e-05,-0.0000000000000000e+00,0.0000000000000000e+00,-0.0000000000000000e+00,-0.0000000000000000e+00,0.0000000000000000e+00,-0.0000000000000000e+00,
1.1264873088524482e-01,8.8697456050322454e-01,-2.4553924560012832e-05,-2.4553924560023271e-05,-2.0791582381454891e-05,9.9962329138846939e-01,-2.4740386748173306e-05,-2.4740386748181261e-05,-2.0605692661099999e-05,-0.0000000000000000e+00,-0.0000000000000000e+00,0.0000000000000000e+00,-0.0000000000000000e+00,-0.0000000000000000e+00,0.0000000000000000e+00,
1.1264739846533477e-01,8.8696408719964870e-01,-2.1721461600929393e-05,-2.3652819771218894e-05,-2.1721461600918551e-05,9.9961148566498348e-01,-2.1535582309469005e-05,-2.3839269353327650e-05,-2.1535582309468422e-05,-0.0000000000000000e+00,-0.0000000000000000e+00,-0.0000000000000000e+00,-0.0000000000000000e+00,0.0000000000000000e+00,-0.0000000000000000e+00,
1.1264739846533478e-01,8.8696408719964870e-01,-2.3652819771230129e-05,-2.1721461600928997e-05,-2.1721461600903081e-05,9.9961148566498348e-01,-2.3839269353320847e-05,-2.1535582309476388e-05,-2.1535582309452789e-05,-0.0000000000000000e+00,-0.0000000000000000e+00,-0.0000000000000000e+00,-0.0000000000000000e+00,-0.0000000000000000e+00,-0.0000000000000000e+00,
1.1264605073687711e-01,8.8695349335055584e-01,-2.2652555550277357e-05,-2.2652555550252170e-05,-2.2652555550225488e-05,9.9959954408743301e-01,-2.2466686673917879e-05,-2.2466686673931347e-05,-2.2466686673896605e-05,-0.0000000000000000e+00,0.0000000000000000e+00,-0.0000000000000000e+00,-0.0000000000000000e+00,-0.0000000000000000e+00,-0.0000000000000000e+00,

8,15
1.1272069876452298e-01,8.8753982881040860e-01,2.0791582381495911e-05,2.0791582381466129e-05,2.0791582381459153e-05,1.0002605275749317e+00,2.0605692661120697e-05,2.0605692661093193e-05,2.0605692661096526e-05,-0.0000000000000000e+00,-0.0000000000000000e+00,0.0000000000000000e+00,-0.0000000000000000e+00,-0.0000000000000000e+00,0.0000000000000000e+00,
1.1272015106011124e-01,8.8753553464253010e-01,2.5453822513160634e-05,2.1721461600906547e-05,2.1721461600909261e-05,1.0002556857026415e+00,2.5640297316312922e-05,2.1535582309464075e-05,2.1535582309464224e-05,-0.0000000000000000e+00,-0.0000000000000000e+00,0.0000000000000000e+00,-0.0000000000000000e+00,-0.0000000000000000e+00,0.0000000000000000e+00,
1.1272015106011123e-01,8.8753553464253032e-01,2.1721461600931345e-05,2.5453822513140840e-05,2.1721461600913127e-05,1.0002556857026415e+00,2.1535582309458000e-05,2.5640297316352577e-05,2.1535582309468134e-05,-0.0000000000000000e+00,-0.0000000000000000e+00,0.0000000000000000e+00,-0.0000000000000000e+00,-0.0000000000000000e+00,0.0000000000000000e+00,
1.1271958819481857e-01,8.8753112109151444e-01,2.4553924560011708e-05,2.4553924560015936e-05,2.2652555550232034e-05,1.0002507092863331e+00,2.4740386748143636e-05,2.4740386748166069e-05,2.2466686673926570e-05,-0.0000000000000000e+00,0.0000000000000000e+00,-0.0000000000000000e+00,-0.0000000000000000e+00,0.0000000000000000e+00,-0.0000000000000000e+00,
1.1272015106011124e-01,8.8753553464253032e-01,2.1721461600926286e-05,2.1721461600924369e-05,2.5453822513120749e-05,1.0002556857026415e+00,2.1535582309476249e-05,2.1535582309461331e-05,2.5640297316321894e-05,-0.0000000000000000e+00,-0.0000000000000000e+00,0.0000000000000000e+00,-0.0000000000000000e+00,-0.0000000000000000e+00,0.0000000000000000e+00,
1.1271958819481862e-01,8.8753112109151422e-01,2.4553924560012073e-05,2.2652555550228595e-05,2.4553924560008570e-05,1.0002507092863329e+00,2.4740386748162159e-05,2.2466686673889365e-05,2.4740386748176775e-05,-0.0000000000000000e+00,-0.0000000000000000e+00,-0.0000000000000000e+00,-0.0000000000000000e+00,0.0000000000000000e+00,-0.0000000000000000e+00,
1.1271958819481860e-01,8.8753112109151444e-01,2.2652555550254948e-05,2.4553924560027533e-05,2.4553924559994658e-05,1.0002507092863331e+00,2.2466686673879661e-05,2.4740386748177788e-05,2.4740386748157530e-05,-0.0000000000000000e+00,-0.0000000000000000e+00,-0.0000000000000000e+00,-0.0000000000000000e+00,-0.0000000000000000e+00,-0.0000000000000000e+00,
1.1271901016385652e-01,8.8752658811961027e-01,2.3652819771214303e-05,2.3652819771226267e-05,2.3652819771210770e-05,1.0002455982834668e+00,2.3839269353286694e-05,2.3839269353316940e-05,2.3839269353327220e-05,-0.0000000000000000e+00,0.0000000000000000e+00,-0.0000000000000000e+00,-0.0000000000000000e+00,-0.0000000000000000e+00,-0.0000000000000000e+00,

