1
1
15
0
(8 0
((0,0,0) (7,7,7) (0,0,0))
((8,0,0) (15,7,7) (0,0,0))
((0,8,0) (7,15,7) (0,0,0))
((8,8,0) (15,15,7) (0,0,0))
((0,0,8) (7,7,15) (0,0,0))
((8,0,8) (15,7,15) (0,0,0))
((0,8,8) (7,15,15) (0,0,0))
((8,8,8) (15,15,15) (0,0,0))
)
8
FabOnDisk: Cell_D_00000 0
FabOnDisk: Cell_D_00000 61527
FabOnDisk: Cell_D_00000 123055
FabOnDisk: Cell_D_00000 184583
FabOnDisk: Cell_D_00000 246112
FabOnDisk: Cell_D_00000 307640
FabOnDisk: Cell_D_00000 369169
FabOnDisk: Cell_D_00000 430698

8,15
1.1268508785463555e-01,8.8726015546159342e-01,-3.1364614608715907e-17,-3.3279992243278071e-17,-2.7462689984279043e-17,9.9994524331622903e-01,-3.7485668231099700e-17,-2.6342382480989173e-17,-4.1972609662180781e-17,-0.0000000000000000e+00,-0.0000000000000000e+00,-0.0000000000000000e+00,-0.0000000000000000e+00,0.0000000000000000e+00,-0.0000000000000000e+00,
1.1268492269370488e-01,8.8725885504835078e-01,-9.9410076336963282e-06,-1.8539147135071221e-17,-2.9016543927323613e-17,9.9994377774205567e-01,-9.9411044416396326e-06,-3.4303101234128217e-17,-3.0248868483165215e-17,-0.0000000000000000e+00,-0.0000000000000000e+00,-0.0000000000000000e+00,-0.0000000000000000e+00,-0.0000000000000000e+00,-0.0000000000000000e+00,
1.1268492269370488e-01,8.8725885504835078e-01,-3.5991158615093588e-17,-9.9410076336948104e-06,-2.4753027048062104e-17,9.9994377774205567e-01,-3.4302512215797552e-17,-9.9411044416173421e-06,-3.4445804772606112e-17,-0.0000000000000000e+00,0.0000000000000000e+00,-0.0000000000000000e+00,-0.0000000000000000e+00,0.0000000000000000e+00,-0.0000000000000000e+00,
1.1268475788810983e-01,8.8725755743294454e-01,-9.8820715476874621e-06,-9.8820715476905707e-06,-2.6307263101812773e-17,9.9994231532105438e-01,-9.8821683895318135e-06,-9.8821683895245764e-06,-4.1683968934822277e-17,-0.0000000000000000e+00,-0.0000000000000000e+00,0.0000000000000000e+00,-0.0000000000000000e+00,-0.0000000000000000e+00,0.0000000000000000e+00,
1.1268492269370486e-01,8.8725885504835078e-01,-1.3947976558795809e-17,-1.8935081115800392e-17,-9.9410076336893555e-06,9.9994377774205567e-01,-1.5486784786523968e-17,-2.6919325707948296e-17,-9.9411044416429631e-06,-0.0000000000000000e+00,0.0000000000000000e+00,-0.0000000000000000e+00,-0.0000000000000000e+00,0.0000000000000000e+00,-0.0000000000000000e+00,
1.1268475788810982e-01,8.8725755743294454e-01,-9.8820715476808875e-06,-2.7100522886551961e-17,-9.8820715477040843e-06,9.9994231532105438e-01,-9.8821683895277613e-06,-3.0972098952774371e-17,-9.8821683895512071e-06,-0.0000000000000000e+00,-0.0000000000000000e+00,0.0000000000000000e+00,-0.0000000000000000e+00,-0.0000000000000000e+00,0.0000000000000000e+00,
1.1268475788810980e-01,8.8725755743294454e-01,-2.1680418309241571e-17,-9.8820715476778144e-06,-9.8820715476646261e-06,9.9994231532105438e-01,-2.2723745123183308e-17,-9.8821683895090910e-06,-9.8821683895268939e-06,-0.0000000000000000e+00,-0.0000000000000000e+00,0.0000000000000000e+00,-0.0000000000000000e+00,-0.0000000000000000e+00,0.0000000000000000e+00,
1.1268459343781277e-01,8.8725626261507995e-01,-9.8231453428967576e-06,-9.8231453429095494e-06,-9.8231453428878688e-06,9.9994085605289273e-01,-9.8232422186498571e-06,-9.8232422186394352e-06,-9.8232422186382782e-06,-0.0000000000000000e+00,-0.0000000000000000e+00,0.0000000000000000e+00,-0.0000000000000000e+00,-0.0000000000000000e+00,0.0000000000000000e+00,

8,15
1.1269829190999311e-01,8.8736411920201674e-01,9.9410076336901144e-06,9.9410076336661569e-06,9.9410076336854896e-06,1.0000624111120098e+00,9.9411044416541067e-06,9.9411044416195156e-06,9.9411044416390549e-06,-0.0000000000000000e+00,-0.0000000000000000e+00,-0.0000000000000000e+00,-0.0000000000000000e+00,0.0000000000000000e+00,-0.0000000000000000e+00,
1.1269810877824586e-01,8.8736267729037621e-01,2.3597631540823756e-17,9.8820715476824392e-06,9.8820715476874638e-06,1.0000607860686221e+00,4.0962055423673752e-17,9.8821683895241427e-06,9.8821683895318135e-06,-0.0000000000000000e+00,-0.0000000000000000e+00,-0.0000000000000000e+00,-0.0000000000000000e+00,-0.0000000000000000e+00,-0.0000000000000000e+00,
1.1269810877824588e-01,8.8736267729037621e-01,9.8820715476747075e-06,1.3153382981831726e-17,9.8820715476519054e-06,1.0000607860686221e+00,9.8821683895163280e-06,3.3290382039844029e-17,9.8821683894854994e-06,-0.0000000000000000e+00,0.0000000000000000e+00,-0.0000000000000000e+00,-0.0000000000000000e+00,0.0000000000000000e+00,-0.0000000000000000e+00,
1.1269792600242480e-01,8.8736123818122215e-01,2.3598125632438736e-17,1.1600545768961660e-17,9.8231453428739910e-06,1.0000591641836469e+00,2.6198704611142148e-17,2.9237846622885011e-17,9.8232422185931228e-06,-0.0000000000000000e+00,-0.0000000000000000e+00,0.0000000000000000e+00,-0.0000000000000000e+00,-0.0000000000000000e+00,0.0000000000000000e+00,
1.1269810877824592e-01,8.8736267729037621e-01,9.8820715476747075e-06,9.8820715476797287e-06,2.2043819859657651e-17,1.0000607860686221e+00,9.8821683895163280e-06,9.8821683895239987e-06,4.4726127921314188e-17,-0.0000000000000000e+00,0.0000000000000000e+00,-0.0000000000000000e+00,-0.0000000000000000e+00,0.0000000000000000e+00,-0.0000000000000000e+00,
1.1269792600242481e-01,8.8736123818122237e-01,2.2838837081985964e-17,9.8231453428914060e-06,2.5150880125549880e-17,1.0000591641836472e+00,4.4581700380556205e-17,9.8232422185977510e-06,2.6198387437366059e-17,-0.0000000000000000e+00,-0.0000000000000000e+00,0.0000000000000000e+00,-0.0000000000000000e+00,-0.0000000000000000e+00,0.0000000000000000e+00,
1.1269792600242480e-01,8.8736123818122215e-01,9.8231453428921666e-06,3.3643989291970805e-17,3.5197684913433839e-17,1.0000591641836469e+00,9.8232422186088980e-06,3.1407304726491040e-17,2.7788577926639817e-17,-0.0000000000000000e+00,-0.0000000000000000e+00,0.0000000000000000e+00,-0.0000000000000000e+00,-0.0000000000000000e+00,0.0000000000000000e+00,
1.1269774358249350e-01,8.8735980187426999e-01,2.7465156039182454e-17,2.5151347174404444e-17,2.0922452367408430e-17,1.0000575454567635e+00,3.4304422199983875e-17,2.1712292478168508e-17,2.3014121232127109e-17,-0.0000000000000000e+00,-0.0000000000000000e+00,0.0000000000000000e+00,-0.0000000000000000e+00,-0.0000000000000000e+00,0.0000000000000000e+00,

