1
1
15
0
(8 0
((0,0,0) (7,7,7) (0,0,0))
((8,0,0) (15,7,7) (0,0,0))
((0,8,0) (7,15,7) (0,0,0))
((8,8,0) (15,15,7) (0,0,0))
((0,0,8) (7,7,15) (0,0,0))
((8,0,8) (15,7,15) (0,0,0))
((0,8,8) (7,15,15) (0,0,0))
((8,8,8) (15,15,15) (0,0,0))
)
8
FabOnDisk: Cell_D_00000 0
FabOnDisk: Cell_D_00000 61527
FabOnDisk: Cell_D_00000 123055
FabOnDisk: Cell_D_00000 184583
FabOnDisk: Cell_D_00000 246112
FabOnDisk: Cell_D_00000 307640
FabOnDisk: Cell_D_00000 369169
FabOnDisk: Cell_D_00000 430698

8,15
7.5602490202613712e-02,7.3050023146169873e-01,8.0067599581682379e-03,1.6781089685181966e-02,2.8394254226308625e-02,8.9055353974082352e-01,8.3981728473633659e-03,1.6529421423574445e-02,2.7719638051485123e-02,-3.1443973261770911e-02,-1.1669337866973996e-01,-5.8198783571269064e-02,-5.3978280959196247e-02,-1.0864921638563530e-02,-5.2993373210766422e-04,
7.4952100154173848e-02,4.5727498621238971e-01,7.8661973475401860e-03,1.2681713234427901e-02,2.4861996462839049e-02,7.8800831281994099e-01,6.9499987080365797e-03,1.4037463077773385e-02,2.7335470540876892e-02,-1.1338479869878482e-01,-2.1385201119895753e-01,-1.2702403983906152e-01,-6.8139407051505008e-02,-2.8479418279838443e-02,-2.5675041173519458e-04,
7.5289960615191248e-02,4.2766590500728302e-01,5.9646742842000442e-03,1.4454768657001228e-02,2.4591130711122726e-02,7.8656957888795365e-01,6.9690305543114684e-03,1.6935838866408686e-02,2.5111912584603269e-02,-7.6518644269759767e-02,-1.1936439313349174e-01,-1.3131084300151696e-01,-1.9154909546321100e-01,-7.6245932610670503e-02,-5.1453255402224805e-04,
7.5783011663341462e-02,8.3918047472767973e-02,5.9504854912505881e-03,1.1772555814631091e-02,2.0236482404354130e-02,7.8265201186948863e-01,4.8346539873593023e-03,1.3159179110313952e-02,2.2051181142576634e-02,-2.0739993018609662e-01,-1.7181640421609992e-01,-2.1888096217472408e-01,-2.2673432958530132e-01,-2.2481420908376415e-01,1.5668173570398264e-04,
7.5335960942954167e-02,7.1332483976131422e-01,6.0988711604897054e-03,1.7075676370987346e-02,2.5102079126580575e-02,8.8137823639225710e-01,7.5585518415115620e-03,1.5387293118485461e-02,2.7769356252597840e-02,-3.4304812232164569e-02,-1.2444561386082106e-01,-7.6694280233609302e-04,-6.1157789301393345e-02,-1.1136415980117487e-02,-2.5686376010669670e-02,
7.4817177340037358e-02,4.2092900661370847e-01,6.9247580727602315e-03,1.3783462323804630e-02,2.4955498541449683e-02,7.8496816939760938e-01,6.7245002790365322e-03,1.3604969161047991e-02,2.7174888503894479e-02,-1.2140530655418438e-01,-2.2126603874187167e-01,-3.8055553844524512e-03,-7.6980104180444237e-02,-3.0059218301890130e-02,-8.0352373184619547e-02,
7.4975235285341793e-02,3.9959425999947756e-01,5.7789820351854451e-03,1.3961144138686425e-02,2.2567310186942812e-02,7.8500602694953359e-01,4.4782798522675707e-03,1.4520003100033643e-02,2.3188972003063153e-02,-8.2336728277952964e-02,-1.2357411102732026e-01,-8.3758236696919453e-04,-2.1242582754459299e-01,-8.4368138523466391e-02,-8.8695854952897391e-02,
7.5493609636146083e-02,6.7274762374656016e-02,5.3855699468146967e-03,1.2726749222178922e-02,2.0203964778994266e-02,7.8239318810101088e-01,4.2174217398984219e-03,1.1395055833360368e-02,1.9431002888541708e-02,-2.1683236655052635e-01,-1.6766723321830318e-01,-1.4167662191246003e-03,-2.4510655849421228e-01,-2.4385557552919637e-01,-2.5505098493001943e-01,

8,15
1.6005330827912473e-01,9.6325543567248650e-01,1.1559098250768299e-02,2.1264452138127197e-02,3.1438064766873969e-02,1.0388579258751003e+00,1.3552539389515509e-02,2.1060206388105036e-02,3.1410779573274032e-02,1.0739628127688788e-01,3.4274454768935120e-02,1.7199337195817899e-03,1.0065509328843774e-02,5.8766592017308085e-02,2.5108951029076676e-02,
3.3073332660755128e-01,9.6522354405342681e-01,1.1805358240930527e-02,2.1315340345160888e-02,3.1553401150730791e-02,1.0401756442076007e+00,1.4477473387298510e-02,2.1161077348359605e-02,3.1835369013064670e-02,1.0715115251277554e-01,7.9693653098856648e-02,7.4193061319077769e-04,6.6863916714606356e-02,1.8327007380072413e-01,8.0374991995369266e-02,
3.5890367388067057e-01,9.6408788084663311e-01,1.2048367683225744e-02,2.1133429711283895e-02,3.0939197660762970e-02,1.0393788012711140e+00,1.4303697745019930e-02,2.1827885623707115e-02,3.1016719345783175e-02,2.0986021867529320e-01,1.2486648218469017e-01,1.6999817120075811e-03,2.7733939371797606e-02,7.7875562320063568e-02,8.5554208141428889e-02,
9.5336901682963504e-01,9.6252833764304502e-01,1.2350922978442999e-02,2.0983156391551253e-02,3.0945426476401916e-02,1.0383113493063865e+00,1.5216981215918145e-02,2.2962958302114967e-02,3.1607866097306779e-02,1.5705429041662472e-01,2.1347227915339773e-01,-4.8320859592496102e-04,2.1836101117998008e-01,2.3566391721026561e-01,2.4364336590301905e-01,
1.6805339663094290e-01,9.6421181478705920e-01,1.1905263065994922e-02,2.0592939987278760e-02,3.1195577193794243e-02,1.0395477757300133e+00,1.2422603403641914e-02,2.0866281183854928e-02,3.2023320136668407e-02,1.1708097618902176e-01,3.5303741573597475e-02,5.8861935401619159e-02,1.1042340496369868e-02,6.5129700506380589e-02,2.1981171655620184e-04,
3.6403916278390097e-01,9.6580917354903528e-01,1.2388006911165169e-02,2.0856774788512354e-02,3.0945717535569284e-02,1.0406263508890727e+00,1.3139574479070071e-02,2.0618960790304119e-02,3.2645003332635897e-02,1.1439103342807173e-01,8.3767271834622972e-02,1.2620487068032010e-01,7.5163701218785794e-02,2.0440616181683985e-01,3.5003845216585242e-03,
3.8541176695005608e-01,9.6524467711628248e-01,1.1894284935412724e-02,2.0718755046071343e-02,2.9783500070767670e-02,1.0402450547238442e+00,1.1826074658446952e-02,2.1033489355231996e-02,3.1833732094087790e-02,2.1934054512047890e-01,1.3245128810785228e-01,1.3299008820822167e-01,3.0212356057901547e-02,8.4823688720324919e-02,2.3979384473956419e-04,
1.0195764675791850e+00,9.6362091669523398e-01,1.2059674598339416e-02,2.0306031420642981e-02,2.9402718658322387e-02,1.0868512299538411e+00,1.2220727119965788e-02,2.0757074929088751e-02,3.1990452533722340e-02,1.5917559888735155e-01,2.2324411474389697e-01,2.2817885706256275e-01,2.3788900098811455e-01,2.5283122540625358e-01,1.9979605986549451e-03,

