1
1
15
0
(8 0
((0,0,0) (7,7,7) (0,0,0))
((8,0,0) (15,7,7) (0,0,0))
((0,8,0) (7,15,7) (0,0,0))
((8,8,0) (15,15,7) (0,0,0))
((0,0,8) (7,7,15) (0,0,0))
((8,0,8) (15,7,15) (0,0,0))
((0,8,8) (7,15,15) (0,0,0))
((8,8,8) (15,15,15) (0,0,0))
)
8
FabOnDisk: Cell_D_00000 0
FabOnDisk: Cell_D_00000 61527
FabOnDisk: Cell_D_00000 123055
FabOnDisk: Cell_D_00000 184583
FabOnDisk: Cell_D_00000 246112
FabOnDisk: Cell_D_00000 307640
FabOnDisk: Cell_D_00000 369169
FabOnDisk: Cell_D_00000 430698

8,15
1.1269125738810931e-01,8.8730873200743177e-01,-2.8258075158347523e-17,-2.0886885004424470e-17,-2.2440561892329254e-17,9.9999998939554113e-01,-2.9961050726283928e-17,-2.2868328905067342e-17,-2.5330487558563334e-17,-0.0000000000000000e+00,-0.0000000000000000e+00,0.0000000000000000e+00,-0.0000000000000000e+00,-0.0000000000000000e+00,0.0000000000000000e+00,
1.1269125735528691e-01,8.8730873174899461e-01,-4.5401212976849582e-10,-1.8573920155473926e-17,-1.1997119394576003e-17,9.9999998910428156e-01,-4.5401213264041789e-10,-4.4724735722135679e-17,-1.8526886384466317e-17,-0.0000000000000000e+00,-0.0000000000000000e+00,0.0000000000000000e+00,-0.0000000000000000e+00,-0.0000000000000000e+00,0.0000000000000000e+00,
1.1269125735528691e-01,8.8730873174899461e-01,-2.0921986495101545e-17,-4.5401210385848676e-10,-1.9730402577563510e-17,9.9999998910428156e-01,-2.3157449367188031e-17,-4.5401210904928726e-10,-2.6631530427869819e-17,-0.0000000000000000e+00,-0.0000000000000000e+00,0.0000000000000000e+00,-0.0000000000000000e+00,-0.0000000000000000e+00,0.0000000000000000e+00,
1.1269125732246436e-01,8.8730873149055678e-01,-4.5402269840218575e-10,-4.5402267751530065e-10,-2.5150721258977393e-17,9.9999998881302110e-01,-4.5402266837810949e-10,-4.5402265245794203e-10,-3.7632013980472020e-17,-0.0000000000000000e+00,0.0000000000000000e+00,-0.0000000000000000e+00,-0.0000000000000000e+00,0.0000000000000000e+00,-0.0000000000000000e+00,
1.1269125735528689e-01,8.8730873174899449e-01,-2.7066491083198956e-17,-2.5910008770304642e-17,-4.5401209576311050e-10,9.9999998910428134e-01,-3.8210255351932734e-17,-2.3591130379008418e-17,-4.5401208270687729e-10,-0.0000000000000000e+00,-0.0000000000000000e+00,0.0000000000000000e+00,-0.0000000000000000e+00,-0.0000000000000000e+00,0.0000000000000000e+00,
1.1269125732246438e-01,8.8730873149055678e-01,-4.5402268795874313e-10,-2.1284079669188403e-17,-4.5402266591537573e-10,9.9999998881302110e-01,-4.5402266041802576e-10,-2.9816490632491621e-17,-4.5402264073465681e-10,-0.0000000000000000e+00,0.0000000000000000e+00,-0.0000000000000000e+00,-0.0000000000000000e+00,0.0000000000000000e+00,-0.0000000000000000e+00,
1.1269125732246439e-01,8.8730873149055678e-01,-2.2475663340294835e-17,-4.5402268022545996e-10,-4.5402264889513229e-10,9.9999998881302121e-01,-2.2000967360712012e-17,-4.5402265260250234e-10,-4.5402262872225114e-10,-0.0000000000000000e+00,-0.0000000000000000e+00,-0.0000000000000000e+00,-0.0000000000000000e+00,-0.0000000000000000e+00,-0.0000000000000000e+00,
1.1269125728964174e-01,8.8730873123211695e-01,-4.5403326389342709e-10,-4.5403325999168392e-10,-4.5403324727037831e-10,9.9999998852175875e-01,-4.5403323726181947e-10,-4.5403325926278699e-10,-4.5403321786757109e-10,-0.0000000000000000e+00,0.0000000000000000e+00,-0.0000000000000000e+00,-0.0000000000000000e+00,0.0000000000000000e+00,-0.0000000000000000e+00,

8,15
1.1269125987646640e-01,8.8730875160026357e-01,4.5401212940640283e-10,4.5401212207031422e-10,4.5401211625280089e-10,1.0000000114767300e+00,4.5401211411353130e-10,4.5401209891616527e-10,4.5401210600888726e-10,-0.0000000000000000e+00,-0.0000000000000000e+00,0.0000000000000000e+00,-0.0000000000000000e+00,-0.0000000000000000e+00,0.0000000000000000e+00,
1.1269125984365229e-01,8.8730875134189235e-01,3.5991358429266063e-17,4.5402268448929623e-10,4.5402266822834048e-10,1.0000000111855447e+00,4.2262577604649714e-17,4.5402264912842142e-10,4.5402264826105973e-10,-0.0000000000000000e+00,-0.0000000000000000e+00,0.0000000000000000e+00,-0.0000000000000000e+00,-0.0000000000000000e+00,0.0000000000000000e+00,
1.1269125984365233e-01,8.8730875134189247e-01,4.5402270306321673e-10,2.7101592877937549e-17,4.5402267484024291e-10,1.0000000111855447e+00,4.5402265752218617e-10,3.3579692043695934e-17,4.5402262640465252e-10,-0.0000000000000000e+00,-0.0000000000000000e+00,0.0000000000000000e+00,-0.0000000000000000e+00,-0.0000000000000000e+00,0.0000000000000000e+00,
1.1269125981083802e-01,8.8730875108352003e-01,2.7031389815292565e-17,2.7066491250672321e-17,4.5403325691943157e-10,1.0000000108943581e+00,5.3263061347735927e-17,2.7354331940801584e-17,4.5403324059134014e-10,-0.0000000000000000e+00,0.0000000000000000e+00,-0.0000000000000000e+00,-0.0000000000000000e+00,0.0000000000000000e+00,-0.0000000000000000e+00,
1.1269125984365229e-01,8.8730875134189247e-01,4.5402269684850875e-10,4.5402268026056153e-10,3.0571039902157194e-17,1.0000000111855447e+00,4.5402267199675067e-10,4.5402262669377313e-10,2.3591130559517545e-17,-0.0000000000000000e+00,-0.0000000000000000e+00,0.0000000000000000e+00,-0.0000000000000000e+00,-0.0000000000000000e+00,0.0000000000000000e+00,
1.1269125981083802e-01,8.8730875108352014e-01,2.4753526750032342e-17,4.5403325344998451e-10,2.5910009000719646e-17,1.0000000108943581e+00,3.0105611458822309e-17,4.5403322930173569e-10,4.1250655344439934e-17,-0.0000000000000000e+00,0.0000000000000000e+00,-0.0000000000000000e+00,-0.0000000000000000e+00,0.0000000000000000e+00,-0.0000000000000000e+00,
1.1269125981083802e-01,8.8730875108352025e-01,4.5403328438311758e-10,3.1330327355371035e-17,2.9017363052452131e-17,1.0000000108943583e+00,4.5403326056382960e-10,3.0394731843656422e-17,4.5158417042829312e-17,-0.0000000000000000e+00,-0.0000000000000000e+00,-0.0000000000000000e+00,-0.0000000000000000e+00,-0.0000000000000000e+00,-0.0000000000000000e+00,
1.1269125977802369e-01,8.8730875082514593e-01,3.0968234331234630e-17,2.0524791990495022e-17,3.1727522441341384e-17,1.0000000106031697e+00,3.4157933230006076e-17,4.1684336006717924e-17,3.0105611379422313e-17,-0.0000000000000000e+00,0.0000000000000000e+00,-0.0000000000000000e+00,-0.0000000000000000e+00,0.0000000000000000e+00,-0.0000000000000000e+00,

