1
1
15
0
(8 0
((0,0,0) (7,7,7) (0,0,0))
((8,0,0) (15,7,7) (0,0,0))
((0,8,0) (7,15,7) (0,0,0))
((8,8,0) (15,15,7) (0,0,0))
((0,0,8) (7,7,15) (0,0,0))
((8,0,8) (15,7,15) (0,0,0))
((0,8,8) (7,15,15) (0,0,0))
((8,8,8) (15,15,15) (0,0,0))
)
8
FabOnDisk: Cell_D_00000 0
FabOnDisk: Cell_D_00000 61527
FabOnDisk: Cell_D_00000 123055
FabOnDisk: Cell_D_00000 184583
FabOnDisk: Cell_D_00000 246112
FabOnDisk: Cell_D_00000 307640
FabOnDisk: Cell_D_00000 369169
FabOnDisk: Cell_D_00000 430698

8,15
6.20150258089643101e-03,2.66623733295858097e-03,-3.69274828947447203e-02,-4.88770433957841227e-02,-4.57215369518747458e-02,6.17574278914895025e-01,-1.95776441416697835e-03,-1.57451843251553078e-04,-1.07342709246456038e-03,-9.86948382416332273e-03,-2.48652705212087169e-02,-3.90396535297782427e-02,-4.54553850824468308e-01,-4.84013598479328455e-01,-5.21003180833619295e-01,
6.10647460707133567e-03,-2.97432601674226804e-02,-2.92582271035436506e-02,-5.09416163493302543e-02,-5.13862012204329768e-02,6.16804422232936411e-01,-1.09577741718478866e-01,-6.10631373400937649e-01,-6.44738554206763514e-01,-4.52227872824128074e-01,-2.74368410399801754e-02,-4.46046997792421962e-02,-2.89293781440297729e-02,-4.92041876770954789e-01,-5.41567379392860704e-01,
6.11275775568860622e-03,1.27699521621677274e-04,-5.21774653755630591e-02,-1.42845377205013443e-02,-6.14305571759184363e-02,6.15497560868272675e-01,-9.71115151740951227e-03,-3.67802449184249647e-01,-8.77151657794499225e-03,-1.24287589245003858e-02,-4.61622045073922682e-01,-4.60005748290057692e-02,-4.90136171022924283e-01,-6.14101095531327870e-02,-5.49870685419212690e-01,
6.09181945100216796e-03,-1.92966941844495588e-01,-2.75701596424035855e-02,-2.13558073554260298e-02,-6.26275195780397614e-02,6.22262309493428756e-01,-6.42103476408837470e-01,-3.98234147551984663e-01,-7.18341732873661765e-01,-4.74077795952323466e-01,-4.61548930279394920e-01,-5.19628372063422606e-02,-2.50652021367214935e-02,-5.69684444403468909e-02,-5.52566828412155431e-01,
6.08160517767700106e-03,2.07532238814911874e-04,-6.67565207883826783e-02,-6.60365600582284717e-02,-2.14643070360375186e-02,6.18198597292038965e-01,-2.04413775144825505e-01,-1.49570337669349462e-01,-1.01005989091047452e-02,-1.28987046048862162e-02,-3.07336486317697846e-02,-4.37916000253527282e-01,-5.13060770392201659e-01,-4.98628326406037492e-01,-9.75558891894851704e-02,
6.06027516164626013e-03,-9.49292168845514983e-02,-9.62456295592490074e-02,-6.87397452182875457e-02,-3.26958402442194401e-02,6.14325738781741570e-01,-3.00405408586589218e+00,-8.17872464290053447e-01,-2.40757561212531801e+00,-4.72124800764946451e-01,-3.43749041375467912e-02,-4.63899325905502924e-01,-7.57704594624526162e-02,-5.40123918800490821e-01,-9.26405095386776539e-02,
6.08747743714998287e-03,-1.06663596281984623e-03,-6.83883628166564728e-02,-5.38801263670323546e-03,-1.52062825566447787e-02,6.19495862934096975e-01,-6.16552263565251613e-01,-6.41240749802305054e-01,-6.07014876894989897e-01,-1.53736605274932443e-02,-4.60367328469120429e-01,-4.71714536752393887e-01,-5.59672972863073159e-01,-5.16809098341357159e-02,-8.36613311170058827e-02,
6.10909875897731706e-03,-1.58885845713975238e-02,-4.27828566558196982e-02,-2.84119872620610739e-02,-2.83593106134940459e-02,6.17514522128856713e-01,-2.20612068662129275e+01,-3.40221925946259205e+01,-9.04913011382517674e-01,-4.73682726476788329e-01,-4.62667272230264270e-01,-4.94578845276545165e-01,-8.08123267035434911e-02,-5.34868464293005025e-02,-8.21550684386795071e-02,

8,15
1.16164099910403396e+00,1.10078606552958291e+00,3.52122563749678319e-02,3.56062256182711964e-02,7.24672882832209514e-02,1.16430723643699263e+00,6.95046716123214059e-02,1.14809724010526443e-01,9.01016942590338876e-02,4.29706141420971743e-01,4.41607609846611571e-01,4.78137623338944107e-01,1.40676755452349197e-03,3.07765880258675318e-03,6.13898977138319091e-03,
1.18317386060283547e+00,1.09439938051218966e+00,4.89993619834936667e-02,4.35492783883714429e-02,6.94765045009098497e-02,1.16159193165864050e+00,2.00803809960145574e-01,7.21313915371989967e-02,5.69614719396561303e-02,2.92097063010487573e-02,4.49119523661164255e-01,4.80506653410897377e-01,4.82742496113692632e-01,3.74175717034596180e-03,7.10223737733221838e-03,
1.20989987800564180e+00,1.08757800665681992e+00,3.84854806166764971e-02,6.65516969173803596e-02,7.00522789349234676e-02,1.21007451670451327e+00,2.90884709515502671e+00,1.18135827321356102e+00,1.92668731548335948e+00,4.61177553667514284e-01,4.26256581678754257e-02,4.78986934836481748e-01,1.97600026019746459e-03,5.02972713718216169e-01,7.33197768448577876e-03,
1.21907769932586385e+00,1.08813435616798082e+00,6.51210580104533143e-02,7.26945553626087565e-02,6.54223995487216159e-02,1.21108836374119333e+00,5.88220100148960201e-01,5.67266140386364581e-01,5.97137326132307411e-01,2.02196796150629493e-02,4.12786894420114209e-02,4.79648569124845547e-01,5.23673753064468950e-01,5.22938342573456616e-01,8.43263692690243011e-03,
1.21023634519231704e+00,1.08020031081145329e+00,3.62005083611144224e-02,4.18923318897651484e-02,8.23354123916979486e-02,1.21251036666730383e+00,7.20360823278834550e-01,1.07869826769811317e+00,6.27179961783703277e-01,4.70253096954582006e-01,4.65038676365801706e-01,6.95969281664163969e-02,1.91484374775728020e-03,3.92750527940925742e-03,5.03449892013028810e-01,
1.28140604342181863e+00,1.07772045403552696e+00,7.47724355260457607e-02,8.64897644502938823e-02,7.80565875840504020e-02,1.27257439642839310e+00,1.04397931534948785e+00,9.45149948044358590e-01,1.05938482645676291e+00,5.73726186776533087e-02,4.91261130376972333e-01,6.32042340950844245e-02,5.38845432997241414e-01,4.78788295062410572e-03,5.36858705727408569e-01,
1.23925458700539570e+00,1.07524729244536932e+00,4.72838023048654105e-02,8.71216514095018296e-02,8.59433374779690062e-02,1.23973063812313389e+00,7.00272238614202180e-01,1.85901363623627747e-01,6.24370530295957682e-01,4.91344179545016246e-01,3.80848007835437249e-02,6.06796609411711790e-02,2.53234928571299204e-03,5.30366872648109222e-01,5.14502887013742027e-01,
1.32008187744942451e+00,1.07949005277165044e+00,7.95492556592586053e-02,8.26250796654219022e-02,7.82164513823087881e-02,1.30419329287802688e+00,8.85591970606769641e-01,1.26352009556017908e+00,4.47194045445275989e+01,2.54550619346549274e-02,3.83543115121402350e-02,5.54477625816510791e-02,5.66698755778846430e-01,5.32403154701100334e-01,5.55087647765317160e-01,

