1
1
15
0
(8 0
((0,0,0) (7,7,7) (0,0,0))
((8,0,0) (15,7,7) (0,0,0))
((0,8,0) (7,15,7) (0,0,0))
((8,8,0) (15,15,7) (0,0,0))
((0,0,8) (7,7,15) (0,0,0))
((8,0,8) (15,7,15) (0,0,0))
((0,8,8) (7,15,15) (0,0,0))
((8,8,8) (15,15,15) (0,0,0))
)
8
FabOnDisk: Cell_D_00000 0
FabOnDisk: Cell_D_00000 61527
FabOnDisk: Cell_D_00000 123055
FabOnDisk: Cell_D_00000 184583
FabOnDisk: Cell_D_00000 246112
FabOnDisk: Cell_D_00000 307640
FabOnDisk: Cell_D_00000 369169
FabOnDisk: Cell_D_00000 430698

8,15
0.0000000000000000e+00,0.0000000000000000e+00,-7.4074074074074084e-02,-3.7037037037037042e-02,0.0000000000000000e+00,9.9999999999999933e-01,-1.0965327864726254e-01,-5.4813225805514558e-02,0.0000000000000000e+00,-2.2222222222222224e-01,-1.1111111111111112e-01,-0.0000000000000000e+00,-2.2220540252392246e-01,-1.1109443807801345e-01,-0.0000000000000000e+00,
0.0000000000000000e+00,0.0000000000000000e+00,-1.1110989928600985e-01,-3.7037037037037042e-02,0.0000000000000000e+00,9.9999999999999933e-01,-7.4074074074074084e-02,-5.5243456236173702e-02,0.0000000000000000e+00,-2.2222222222222224e-01,-1.1111111111111112e-01,-0.0000000000000000e+00,-2.2222222222222224e-01,-1.1110752656855569e-01,-0.0000000000000000e+00,
0.0000000000000000e+00,0.0000000000000000e+00,-7.4074074074074084e-02,-5.5554802977729002e-02,0.0000000000000000e+00,9.9999999999999933e-01,-1.1036200128675593e-01,-3.7037037037037042e-02,0.0000000000000000e+00,-2.2222222222222224e-01,-1.1111111111111112e-01,-0.0000000000000000e+00,-2.2220463138312935e-01,-1.1111111111111112e-01,-0.0000000000000000e+00,
0.0000000000000000e+00,0.0000000000000000e+00,-1.1096935641484662e-01,-5.5554974084927704e-02,0.0000000000000000e+00,9.9999999999999933e-01,-7.4074074074074084e-02,-3.7037037037037042e-02,0.0000000000000000e+00,-2.2222222222222224e-01,-1.1111111111111112e-01,-0.0000000000000000e+00,-2.2222222222222224e-01,-1.1111111111111112e-01,-0.0000000000000000e+00,
0.0000000000000000e+00,0.0000000000000000e+00,-7.4074074074074084e-02,-3.7037037037037042e-02,0.0000000000000000e+00,9.9999999999999933e-01,-1.1036200128675593e-01,-5.5554633276280720e-02,0.0000000000000000e+00,-2.2222222222222224e-01,-1.1111111111111112e-01,-0.0000000000000000e+00,-2.2220463138312940e-01,-1.1111096529780867e-01,-0.0000000000000000e+00,
0.0000000000000000e+00,0.0000000000000000e+00,-1.1096935641484662e-01,-3.7037037037037042e-02,0.0000000000000000e+00,9.9999999999999933e-01,-7.4074074074074084e-02,-5.5554751285886099e-02,0.0000000000000000e+00,-2.2222222222222224e-01,-1.1111111111111112e-01,-0.0000000000000000e+00,-2.2222222222222224e-01,-1.1111109860125042e-01,-0.0000000000000000e+00,
0.0000000000000000e+00,0.0000000000000000e+00,-7.4074074074074084e-02,-5.5414140662311984e-02,0.0000000000000000e+00,9.9999999999999933e-01,-1.1110192850889213e-01,-5.5508062226827519e-02,0.0000000000000000e+00,-2.2222222222222224e-01,-1.1111111111111112e-01,-0.0000000000000000e+00,-2.2222192929771278e-01,-1.1111111111111112e-01,-0.0000000000000000e+00,
0.0000000000000000e+00,0.0000000000000000e+00,-1.1082934921702206e-01,-5.5413873707041449e-02,0.0000000000000000e+00,9.9999999999999933e-01,-1.0973639689304415e-01,-5.5508062226827519e-02,0.0000000000000000e+00,-2.2222222222222224e-01,-1.1111111111111112e-01,-0.0000000000000000e+00,-2.2222222222222224e-01,-1.1111111111111112e-01,-0.0000000000000000e+00,

8,15
1.0000000000000002e+00,1.0000000000000002e+00,2.2218023455641081e-01,2.7633967689446454e-01,3.1574452001606301e-01,1.0000000000000007e+00,1.4814814814814814e-01,1.8518518517325516e-01,2.2222217333372918e-01,4.4444444444444448e-01,5.5555555555555558e-01,6.6666666666666674e-01,4.4444444444444442e-01,5.5555555548397528e-01,6.6666637333570855e-01,
1.0000000000000002e+00,1.0000000000000002e+00,1.4814814814814817e-01,2.7759571006639139e-01,3.3189484981815554e-01,1.0000000000000007e+00,2.2076278841363617e-01,1.8518518518518517e-01,2.2222222221029220e-01,4.4444444444444448e-01,5.5555555555555558e-01,6.6666666666666674e-01,4.4444415290800526e-01,5.5555555555555547e-01,6.6666666659508644e-01,
1.0000000000000002e+00,1.0000000000000002e+00,2.2204022735858625e-01,1.8518518518518520e-01,3.3189484981815559e-01,1.0000000000000007e+00,1.4814814814814814e-01,2.5402975408154682e-01,2.2222222221029214e-01,4.4444444444444448e-01,5.5555555555555558e-01,6.6666666666666674e-01,4.4444444444444442e-01,5.5555434372923984e-01,6.6666666659508622e-01,
1.0000000000000002e+00,1.0000000000000002e+00,1.4814814814814817e-01,1.8518518518518520e-01,3.3301118557637205e-01,1.0000000000000007e+00,2.2147151105312954e-01,2.7631827065429704e-01,2.2222222222222218e-01,4.4444444444444448e-01,5.5555555555555558e-01,6.6666666666666674e-01,4.4442714485654788e-01,5.5555540971601725e-01,6.6666666666666652e-01,
1.0000000000000002e+00,1.0000000000000002e+00,2.2204022735858625e-01,2.7633929460434886e-01,2.2222222222222227e-01,1.0000000000000007e+00,1.4814814814814817e-01,1.8518518517330132e-01,3.0958530960440711e-01,4.4444444444444448e-01,5.5555555555555558e-01,6.6666666666666674e-01,4.4444444444444448e-01,5.5555555548425217e-01,6.6666666665729235e-01,
1.0000000000000002e+00,1.0000000000000002e+00,1.4814814814814817e-01,2.7745570286856686e-01,2.2222222222222227e-01,1.0000000000000007e+00,2.2147151105312954e-01,1.8518518518518517e-01,3.0958530960440711e-01,4.4444444444444448e-01,5.5555555555555558e-01,6.6666666666666674e-01,4.4442714485654800e-01,5.5555555555555547e-01,6.6666666666666607e-01,
1.0000000000000002e+00,1.0000000000000002e+00,2.2190022016076166e-01,1.8518518518518520e-01,2.2222222222222227e-01,1.0000000000000007e+00,1.4814814814814817e-01,2.5916126587693594e-01,3.0958530960440711e-01,4.4444444444444448e-01,5.5555555555555558e-01,6.6666666666666674e-01,4.4444444444444448e-01,5.5553825599011497e-01,6.6666666666666607e-01,
1.0000000000000002e+00,1.0000000000000002e+00,1.4814814814814817e-01,1.8518518518518520e-01,2.2222222222222227e-01,1.0000000000000007e+00,2.2218023369262294e-01,2.7702699329379038e-01,3.3187375289495785e-01,4.4444444444444448e-01,5.5555555555555558e-01,6.6666666666666674e-01,4.4444385957763033e-01,5.5553825599011486e-01,6.6666666666666674e-01,

