1
1
15
0
(8 0
((0,0,0) (7,7,7) (0,0,0))
((8,0,0) (15,7,7) (0,0,0))
((0,8,0) (7,15,7) (0,0,0))
((8,8,0) (15,15,7) (0,0,0))
((0,0,8) (7,7,15) (0,0,0))
((8,0,8) (15,7,15) (0,0,0))
((0,8,8) (7,15,15) (0,0,0))
((8,8,8) (15,15,15) (0,0,0))
)
8
FabOnDisk: Cell_D_00000 0
FabOnDisk: Cell_D_00000 61527
FabOnDisk: Cell_D_00000 123055
FabOnDisk: Cell_D_00000 184583
FabOnDisk: Cell_D_00000 246112
FabOnDisk: Cell_D_00000 307640
FabOnDisk: Cell_D_00000 369169
FabOnDisk: Cell_D_00000 430698

8,15
-7.26874925610168400e+15,-2.71591245522878650e+15,-1.37343458353241068e+27,-4.40145160478237636e+31,-2.02562228766193578e+31,-2.98122561470148750e+15,-2.50239096594508928e+28,-9.23363764999615302e+29,-7.64621237247511447e+29,-8.10633410763811500e+14,-5.81693121638026000e+14,-3.18983013114731797e+13,-5.88939806469026250e+14,-1.18986601691714100e+15,-3.07716758638428062e+14,
-4.20161908161422213e+19,-1.10532860375887872e+20,-7.23453017042213037e+38,-4.43688397128999954e+38,-1.19987879934891301e+39,-5.21501307239545242e+18,-2.44792947144407986e+39,-3.49017439352477092e+38,-1.04335151196013233e+38,-2.86496216006812959e+19,-4.09330629976297165e+18,-1.83943024101662474e+19,-1.54343113009988157e+19,-1.44468000646102794e+19,-8.70982812439681024e+18,
-1.38401728934242120e+16,-1.28089356772013400e+15,-4.33810509187052270e+26,-1.22667027777509031e+28,-1.85290123063508725e+29,-1.09638906276754520e+16,-6.29725320939298840e+28,-1.05622571095673146e+30,-7.26782775012728091e+29,-3.29354201386453688e+14,-1.90390376088795250e+14,-3.24421810984926484e+13,-6.79139882902406738e+12,-3.31439937072089250e+15,-3.08135056923487450e+15,
-2.84549890944879247e+19,-1.83173471807876567e+19,-5.01223414578312118e+37,-1.77229646668440503e+36,-1.34849288422526823e+38,-4.01480984431436186e+18,-2.42230865513587802e+38,-1.01908654690025484e+36,-4.81227802409882985e+37,-5.08775583473252864e+18,-4.08722375313699328e+18,-2.03359203322726118e+18,-6.32332310975391437e+18,-4.02355730080453274e+18,-4.02374647841819085e+18,
-2.42633093901099562e+14,-8.16636886005491625e+14,-1.25928209958386696e+27,-7.99110902347920924e+28,-7.01741038597494518e+27,-5.64089687813622969e+13,-1.18525821391386530e+27,-5.59730573706875248e+25,-2.10502484372312067e+27,-8.39803819228665469e+13,-1.81728750816455500e+14,-1.19449748332587094e+14,-5.17170502770207250e+14,-5.16163975503909875e+14,-2.73051182637105547e+13,
-2.25328454559824280e+16,-2.59203418107834880e+17,-1.09980841676212866e+33,-4.71614301493384589e+33,-3.81663774176135619e+31,-1.96302003227366080e+17,-3.34358988265121430e+33,-8.08912764457763663e+33,-2.79533791740534724e+30,-7.00861356422309120e+16,-6.60517692202478160e+16,-7.83607985148771840e+16,-1.92520276763385320e+16,-1.92520515173856720e+16,-3.53473857294146250e+15,
-1.54665781104438250e+14,-6.15147542566542500e+14,-2.61072920636402186e+26,-3.54457781104671463e+27,-1.87329504862026250e+27,-6.38724654228614250e+14,-2.89292066639929046e+27,-8.72180429589867456e+25,-9.95753051288066072e+25,-1.47046721447900062e+14,-1.40732550584021078e+14,-1.44414406264480656e+14,-3.97111397948322754e+12,-3.63557305613142031e+13,-3.89754096053996406e+13,
-1.04755331742735718e+18,-1.04201124845834342e+18,-8.13233683114210563e+33,-7.68273932666084992e+34,-1.40714993133681762e+32,-5.08172560950128768e+17,-9.24260089115447030e+35,-1.56184486547966341e+34,-2.80313292142381245e+33,-2.30495468262355872e+17,-2.12650644288861600e+17,-2.27791903215819520e+17,-2.49307020096769408e+17,-1.11056113271228560e+17,-1.30417180290275520e+17,

8,15
3.82830842644410950e+15,7.50677390732203600e+15,2.25969621253808469e+28,6.56999103847683502e+29,2.20014927322001840e+29,3.95523470231371600e+15,2.41446035580714935e+27,4.84769111262213492e+31,2.22453850061793053e+31,2.87665579598267750e+14,1.68275876310747400e+15,1.39328263560673555e+13,1.11572015707113862e+15,8.65746853058786750e+14,5.33166063030786812e+14,
1.30100492729100091e+20,3.68330750821622211e+19,3.66544352006602978e+39,4.77631673472870990e+38,1.64899696204839918e+38,1.95676323532122194e+19,4.37800092007580348e+38,2.97249385555065362e+38,7.99572318194710063e+38,1.32509646268058829e+19,1.22790256327965000e+19,7.51958720359955763e+18,3.35650493192271380e+19,4.66581969427767091e+18,2.18635001727674368e+19,
6.19990827199770312e+13,2.87628226574876000e+15,8.28792190454403178e+28,6.95836666159290170e+28,4.74224200125222461e+28,1.01047887198520500e+15,6.84586989770159622e+28,2.11939687939635649e+27,1.71845677311418445e+30,8.42246538730562500e+13,6.31145905679810625e+14,7.02662838130469000e+14,1.53777010363175200e+15,1.53015468988149082e+13,1.33786063245810425e+12,
2.06979165657246065e+19,2.44401792501735629e+19,3.84596540682886671e+38,1.10427303620139981e+36,7.63633307974520466e+37,5.59835549651289805e+18,3.65119699752055922e+37,1.02716570338417062e+37,9.31613517349998012e+37,5.43133491886637466e+18,3.39607416751847885e+18,3.39696826088217242e+18,5.72660748979049472e+18,4.54431255150128947e+18,2.29205637201963955e+18,
4.65462768553212400e+15,7.61957454711637250e+14,1.89973032223875463e+26,2.30534724118235189e+27,1.68656346250703634e+27,3.83799079952663250e+15,9.12714353228887336e+25,4.66215904231866159e+29,9.87899458687010549e+27,9.09178271158377812e+13,9.28948827329165469e+13,8.52037143388848125e+13,3.23246468730490078e+13,1.03434516246452050e+15,1.01654304908769512e+15,
1.73268249084775296e+17,7.45676515687164000e+16,3.63411474576847468e+33,8.83109607652621707e+32,4.19999607556366709e+31,7.02326025355573200e+16,3.63982090074684864e+32,3.29919059906909960e+33,3.11924640933422419e+31,2.88150592957981000e+16,2.72275735563198160e+16,9.27642027524903000e+15,4.55370208015268080e+16,4.28185709615749920e+16,5.80421424554276560e+16,
2.72252577079686953e+13,1.34382130690882625e+15,5.78421346372192207e+25,9.00029499030992327e+24,2.63474801500906001e+26,1.18915552580438800e+15,6.86129787018782243e+26,9.90725671377419001e+27,3.82082408165019886e+24,6.95045156286185000e+13,3.00497975841972625e+14,2.32148248902075875e+14,1.72069231973558535e+13,6.18587157426741016e+12,4.11110425061280371e+12,
7.44286259160781696e+17,1.91385579859980493e+18,1.17039112935434820e+36,9.39369523988539778e+33,7.07093915777387457e+32,8.66302481172447744e+17,2.19918105007051272e+35,6.04638490095883457e+34,2.14759819333851486e+33,4.31315976220506688e+17,2.33204257591497664e+17,2.38987308144290624e+17,1.83606293030440160e+17,1.16394813047372752e+17,1.51269172999189568e+17,

