1
1
15
0
(8 0
((0,0,0) (7,7,7) (0,0,0))
((8,0,0) (15,7,7) (0,0,0))
((0,8,0) (7,15,7) (0,0,0))
((8,8,0) (15,15,7) (0,0,0))
((0,0,8) (7,7,15) (0,0,0))
((8,0,8) (15,7,15) (0,0,0))
((0,8,8) (7,15,15) (0,0,0))
((8,8,8) (15,15,15) (0,0,0))
)
8
FabOnDisk: Cell_D_00000 0
FabOnDisk: Cell_D_00000 61527
FabOnDisk: Cell_D_00000 123055
FabOnDisk: Cell_D_00000 184583
FabOnDisk: Cell_D_00000 246112
FabOnDisk: Cell_D_00000 307640
FabOnDisk: Cell_D_00000 369169
FabOnDisk: Cell_D_00000 430698

8,15
1.1269118144848909e-01,8.8730813407383313e-01,-3.2124728420003642e-17,-1.6658159350326644e-17,-1.7417441861492803e-17,9.9999931552232224e-01,-2.3302017971962539e-17,-4.1395227798566228e-17,-1.5341929869231453e-17,-0.0000000000000000e+00,0.0000000000000000e+00,-0.0000000000000000e+00,-0.0000000000000000e+00,0.0000000000000000e+00,-0.0000000000000000e+00,
1.1269118343607110e-01,8.8730814972366168e-01,-4.6246821002409163e-07,-1.7417447432601806e-17,-1.8971123225650015e-17,9.9999933315973277e-01,-4.6246820689583077e-07,-2.3012895564458342e-17,-3.3435133909197451e-17,-0.0000000000000000e+00,-0.0000000000000000e+00,-0.0000000000000000e+00,-0.0000000000000000e+00,-0.0000000000000000e+00,-0.0000000000000000e+00,
1.1269118343607110e-01,8.8730814972366168e-01,-2.3994242606725300e-17,-4.6246821000436116e-07,-2.9017371847671510e-17,9.9999933315973277e-01,-3.3001443959016708e-17,-4.6246820688367373e-07,-3.4302512104252774e-17,-0.0000000000000000e+00,-0.0000000000000000e+00,-0.0000000000000000e+00,-0.0000000000000000e+00,0.0000000000000000e+00,-0.0000000000000000e+00,
1.1269118542133734e-01,8.8730816535525692e-01,-4.6236752500693386e-07,-4.6236752499341818e-07,-2.3994244227815361e-17,9.9999935077659430e-01,-4.6236752187699810e-07,-4.6236752185036654e-07,-3.4302487961600905e-17,-0.0000000000000000e+00,-0.0000000000000000e+00,0.0000000000000000e+00,-0.0000000000000000e+00,-0.0000000000000000e+00,0.0000000000000000e+00,
1.1269118343607110e-01,8.8730814972366168e-01,-2.0886891469188744e-17,-1.9730402909377380e-17,-4.6246821000515558e-07,9.9999933315973277e-01,-3.3579699625558069e-17,-2.1422733554513605e-17,-4.6246820686891021e-07,-0.0000000000000000e+00,0.0000000000000000e+00,-0.0000000000000000e+00,-0.0000000000000000e+00,0.0000000000000000e+00,-0.0000000000000000e+00,
1.1269118542133734e-01,8.8730816535525692e-01,-4.6236752498796271e-07,-2.9414560380444342e-17,-4.6236752496667868e-07,9.9999935077659430e-01,-4.6236752187598621e-07,-1.4330002098751995e-17,-4.6236752186744786e-07,-0.0000000000000000e+00,-0.0000000000000000e+00,0.0000000000000000e+00,-0.0000000000000000e+00,-0.0000000000000000e+00,0.0000000000000000e+00,
1.1269118542133734e-01,8.8730816535525692e-01,-2.5547921537507489e-17,-4.6236752498915432e-07,-4.6236752495973973e-07,9.9999935077659430e-01,-4.1106111329496029e-17,-4.6236752185384064e-07,-4.6236752184486850e-07,-0.0000000000000000e+00,-0.0000000000000000e+00,0.0000000000000000e+00,-0.0000000000000000e+00,-0.0000000000000000e+00,0.0000000000000000e+00,
1.1269118740428785e-01,8.8730818096861819e-01,-4.6226684055223324e-07,-4.6226684057199880e-07,-4.6226684054721022e-07,9.9999936837290604e-01,-4.6226683741868228e-07,-4.6226683740493054e-07,-4.6226683741101139e-07,-0.0000000000000000e+00,-0.0000000000000000e+00,0.0000000000000000e+00,-0.0000000000000000e+00,-0.0000000000000000e+00,0.0000000000000000e+00,

8,15
1.1269132771548883e-01,8.8730928575135359e-01,4.6246821001675553e-07,4.6246821002062213e-07,4.6246821002643961e-07,1.0000006134668424e+00,4.6246820688063352e-07,4.6246820688454130e-07,4.6246820687744841e-07,-0.0000000000000000e+00,0.0000000000000000e+00,-0.0000000000000000e+00,-0.0000000000000000e+00,0.0000000000000000e+00,-0.0000000000000000e+00,
1.1269132958605350e-01,8.8730930047981038e-01,1.7814635414426145e-17,4.6236752501585873e-07,4.6236752498528767e-07,1.0000006300658639e+00,2.2868324194264185e-17,4.6236752186266805e-07,4.6236752184993280e-07,-0.0000000000000000e+00,-0.0000000000000000e+00,-0.0000000000000000e+00,-0.0000000000000000e+00,-0.0000000000000000e+00,-0.0000000000000000e+00,
1.1269132958605349e-01,8.8730930047981027e-01,4.6236752500270510e-07,1.7020233435581818e-17,4.6236752499995987e-07,1.0000006300658637e+00,4.6236752185456343e-07,2.2434644135920967e-17,4.6236752188032757e-07,-0.0000000000000000e+00,-0.0000000000000000e+00,-0.0000000000000000e+00,-0.0000000000000000e+00,0.0000000000000000e+00,-0.0000000000000000e+00,
1.1269133145430223e-01,8.8730931519003331e-01,2.4788616657203202e-17,2.8258064360833444e-17,4.6226684056538686e-07,1.0000006466443356e+00,3.0394734339595766e-17,2.6631535859843631e-17,4.6226683742678690e-07,-0.0000000000000000e+00,-0.0000000000000000e+00,0.0000000000000000e+00,-0.0000000000000000e+00,-0.0000000000000000e+00,0.0000000000000000e+00,
1.1269132958605350e-01,8.8730930047981027e-01,4.6236752501275139e-07,4.6236752500422368e-07,2.7101595241481261e-17,1.0000006300658637e+00,4.6236752186990531e-07,4.6236752187685341e-07,4.5302986413223970e-17,-0.0000000000000000e+00,0.0000000000000000e+00,-0.0000000000000000e+00,-0.0000000000000000e+00,0.0000000000000000e+00,-0.0000000000000000e+00,
1.1269133145430221e-01,8.8730931519003353e-01,2.4753526047769993e-17,4.6226684056885631e-07,3.2124709410386194e-17,1.0000006466443359e+00,2.7065209448438656e-17,4.6226683743807658e-07,4.8632493358069012e-17,-0.0000000000000000e+00,-0.0000000000000000e+00,0.0000000000000000e+00,-0.0000000000000000e+00,-0.0000000000000000e+00,0.0000000000000000e+00,
1.1269133145430221e-01,8.8730931519003353e-01,4.6226684056694053e-07,2.1681278298340566e-17,2.9379449170254341e-17,1.0000006466443359e+00,4.6226683742316833e-07,2.3302013508222202e-17,3.4880726793519615e-17,-0.0000000000000000e+00,-0.0000000000000000e+00,0.0000000000000000e+00,-0.0000000000000000e+00,-0.0000000000000000e+00,0.0000000000000000e+00,
1.1269133332023529e-01,8.8730932988202205e-01,2.2837748286329581e-17,3.1727505087835945e-17,2.0886875250586031e-17,1.0000006632022573e+00,3.4157937964404386e-17,2.7354314641180312e-17,3.3868807451566949e-17,-0.0000000000000000e+00,-0.0000000000000000e+00,0.0000000000000000e+00,-0.0000000000000000e+00,-0.0000000000000000e+00,0.0000000000000000e+00,

