1
1
15
0
(8 0
((0,0,0) (7,7,7) (0,0,0))
((8,0,0) (15,7,7) (0,0,0))
((0,8,0) (7,15,7) (0,0,0))
((8,8,0) (15,15,7) (0,0,0))
((0,0,8) (7,7,15) (0,0,0))
((8,0,8) (15,7,15) (0,0,0))
((0,8,8) (7,15,15) (0,0,0))
((8,8,8) (15,15,15) (0,0,0))
)
8
FabOnDisk: Cell_D_00000 0
FabOnDisk: Cell_D_00000 61527
FabOnDisk: Cell_D_00000 123055
FabOnDisk: Cell_D_00000 184583
FabOnDisk: Cell_D_00000 246112
FabOnDisk: Cell_D_00000 307640
FabOnDisk: Cell_D_00000 369169
FabOnDisk: Cell_D_00000 430698

8,15
1.1269125410703071e-01,8.8730870617286606e-01,-5.5557658668940515e-08,-5.5557658654233231e-08,-5.5557658664244379e-08,9.9999996027989679e-01,-5.5557658674835811e-08,-5.5557658670349813e-08,-5.5557658711600469e-08,-0.0000000000000000e+00,-0.0000000000000000e+00,0.0000000000000000e+00,-0.0000000000000000e+00,-0.0000000000000000e+00,0.0000000000000000e+00,
1.1269125398318840e-01,8.8730870519775584e-01,-2.3234951466330145e-17,-5.5557335038892084e-08,-5.5557335026100569e-08,9.9999995918094420e-01,-2.2145527887260494e-17,-5.5557335042685428e-08,-5.5557335053107659e-08,-0.0000000000000000e+00,-0.0000000000000000e+00,0.0000000000000000e+00,-0.0000000000000000e+00,-0.0000000000000000e+00,0.0000000000000000e+00,
1.1269125398318840e-01,8.8730870519775573e-01,-5.5557335024979203e-08,-2.5547915948788442e-17,-5.5557335029967215e-08,9.9999995918094409e-01,-5.5557335023435731e-08,-3.7776575782726459e-17,-5.5557335057015419e-08,-0.0000000000000000e+00,-0.0000000000000000e+00,0.0000000000000000e+00,-0.0000000000000000e+00,-0.0000000000000000e+00,0.0000000000000000e+00,
1.1269125385927105e-01,8.8730870422205543e-01,-2.5910009155512565e-17,-2.4753526788302721e-17,-5.5557011404148681e-08,9.9999995808132647e-01,-2.6631530453886578e-17,-3.4157933991333868e-17,-5.5557011473244659e-08,-0.0000000000000000e+00,0.0000000000000000e+00,-0.0000000000000000e+00,-0.0000000000000000e+00,0.0000000000000000e+00,-0.0000000000000000e+00,
1.1269125398318840e-01,8.8730870519775584e-01,-5.5557334999069187e-08,-5.5557335042361524e-08,-4.6037606660590531e-17,9.9999995918094420e-01,-5.5557334999844599e-08,-5.5557335053975021e-08,-2.9816490972634823e-17,-0.0000000000000000e+00,-0.0000000000000000e+00,0.0000000000000000e+00,-0.0000000000000000e+00,-0.0000000000000000e+00,0.0000000000000000e+00,
1.1269125385927106e-01,8.8730870422205532e-01,-3.0933133497338558e-17,-5.5557011416940195e-08,-2.8222973619362717e-17,9.9999995808132636e-01,-3.7487454602340409e-17,-5.5557011462822415e-08,-3.7921136077839323e-17,-0.0000000000000000e+00,-0.0000000000000000e+00,-0.0000000000000000e+00,-0.0000000000000000e+00,-0.0000000000000000e+00,-0.0000000000000000e+00,
1.1269125385927103e-01,8.8730870422205521e-01,-5.5557011392618974e-08,-1.1202730617771717e-17,-2.9052464671357279e-17,9.9999995808132625e-01,-5.5557011409703933e-08,-2.5764169397704566e-17,-2.6776091124810414e-17,-0.0000000000000000e+00,-0.0000000000000000e+00,-0.0000000000000000e+00,-0.0000000000000000e+00,-0.0000000000000000e+00,-0.0000000000000000e+00,
1.1269125373527863e-01,8.8730870324576372e-01,-2.1681275063430380e-17,-1.7382336357073789e-17,-2.1284080325862240e-17,9.9999995698104238e-01,-2.5764168935718990e-17,-3.0539292082596436e-17,-2.6776091839959531e-17,-0.0000000000000000e+00,-0.0000000000000000e+00,-0.0000000000000000e+00,-0.0000000000000000e+00,-0.0000000000000000e+00,-0.0000000000000000e+00,

8,15
1.1269126335333338e-01,8.8730877897642868e-01,2.4391432917142419e-17,3.2884003887905444e-17,2.1681274036477383e-17,1.0000000423297621e+00,3.3579691786742324e-17,2.0261609619193972e-17,2.5764167849469470e-17,-0.0000000000000000e+00,-0.0000000000000000e+00,0.0000000000000000e+00,-0.0000000000000000e+00,-0.0000000000000000e+00,0.0000000000000000e+00,
1.1269126323328207e-01,8.8730877803116937e-01,5.5557658667784031e-08,1.9730402414896490e-17,2.3234950576386594e-17,1.0000000412644514e+00,5.5557658671072616e-08,2.6342409473832103e-17,3.3579691311459138e-17,-0.0000000000000000e+00,-0.0000000000000000e+00,0.0000000000000000e+00,-0.0000000000000000e+00,-0.0000000000000000e+00,0.0000000000000000e+00,
1.1269126323328210e-01,8.8730877803116948e-01,2.5512813664506814e-17,5.5557658649934300e-08,3.4040485564964085e-17,1.0000000412644516e+00,3.0972972315111947e-17,5.5557658699732624e-08,3.4736173267323545e-17,-0.0000000000000000e+00,-0.0000000000000000e+00,0.0000000000000000e+00,-0.0000000000000000e+00,-0.0000000000000000e+00,0.0000000000000000e+00,
1.1269126311315587e-01,8.8730877708531852e-01,5.5557335025341297e-08,5.5557335041567146e-08,2.2440561792743989e-17,1.0000000401984743e+00,5.5557335041962624e-08,5.5557335068738706e-08,2.5764167849469476e-17,-0.0000000000000000e+00,0.0000000000000000e+00,-0.0000000000000000e+00,-0.0000000000000000e+00,0.0000000000000000e+00,-0.0000000000000000e+00,
1.1269126323328210e-01,8.8730877803116937e-01,1.3947990712531204e-17,2.6307203283421427e-17,5.5557658644946275e-08,1.0000000412644514e+00,4.1395215110969202e-17,2.3012888911137031e-17,5.5557658666152936e-08,-0.0000000000000000e+00,-0.0000000000000000e+00,0.0000000000000000e+00,-0.0000000000000000e+00,-0.0000000000000000e+00,0.0000000000000000e+00,
1.1269126311315587e-01,8.8730877708531852e-01,5.5557335019956073e-08,3.0173844713682636e-17,5.5557335030002307e-08,1.0000000401984743e+00,5.5557335015764775e-08,2.7354331694863492e-17,5.5557335031106693e-08,-0.0000000000000000e+00,-0.0000000000000000e+00,-0.0000000000000000e+00,-0.0000000000000000e+00,-0.0000000000000000e+00,-0.0000000000000000e+00,
1.1269126311315590e-01,8.8730877708531852e-01,2.4788627573323585e-17,5.5557335041205046e-08,5.5557335006008081e-08,1.0000000401984743e+00,3.0394731307205263e-17,5.5557335050211819e-08,5.5557335022423798e-08,-0.0000000000000000e+00,-0.0000000000000000e+00,-0.0000000000000000e+00,-0.0000000000000000e+00,-0.0000000000000000e+00,-0.0000000000000000e+00,
1.1269126299295462e-01,8.8730877613887815e-01,5.5557011373250659e-08,5.5557011421998431e-08,5.5557011403424501e-08,1.0000000391318329e+00,5.5557011416073846e-08,5.5557011444584671e-08,5.5557011436190898e-08,-0.0000000000000000e+00,-0.0000000000000000e+00,-0.0000000000000000e+00,-0.0000000000000000e+00,-0.0000000000000000e+00,-0.0000000000000000e+00,

