1
1
15
0
(8 0
((0,0,0) (7,7,7) (0,0,0))
((8,0,0) (15,7,7) (0,0,0))
((0,8,0) (7,15,7) (0,0,0))
((8,8,0) (15,15,7) (0,0,0))
((0,0,8) (7,7,15) (0,0,0))
((8,0,8) (15,7,15) (0,0,0))
((0,8,8) (7,15,15) (0,0,0))
((8,8,8) (15,15,15) (0,0,0))
)
8
FabOnDisk: Cell_D_00000 0
FabOnDisk: Cell_D_00000 61527
FabOnDisk: Cell_D_00000 123055
FabOnDisk: Cell_D_00000 184583
FabOnDisk: Cell_D_00000 246112
FabOnDisk: Cell_D_00000 307640
FabOnDisk: Cell_D_00000 369169
FabOnDisk: Cell_D_00000 430698

8,15
1.1269125854278635e-01,8.8730874109913094e-01,-7.7318906660721148e-10,-7.7318907401350327e-10,-7.7318907788014488e-10,9.9999999964191733e-01,-7.7318911665077672e-10,-7.7318908003068450e-10,-7.7318908393844640e-10,-0.0000000000000000e+00,-0.0000000000000000e+00,0.0000000000000000e+00,-0.0000000000000000e+00,-0.0000000000000000e+00,0.0000000000000000e+00,
1.1269125854381039e-01,8.8730874110719415e-01,-2.4356331903997347e-17,-7.7318734793064803e-10,-7.7318734406400642e-10,9.9999999965100450e-01,-2.7209771584341386e-17,-7.7318734078058308e-10,-7.7318733687282181e-10,-0.0000000000000000e+00,-0.0000000000000000e+00,0.0000000000000000e+00,-0.0000000000000000e+00,-0.0000000000000000e+00,0.0000000000000000e+00,
1.1269125854381037e-01,8.8730874110719415e-01,-7.7318736567507744e-10,-1.7382336376920571e-17,-7.7318733824649315e-10,9.9999999965100450e-01,-7.7318738984676184e-10,-3.7632014063888101e-17,-7.7318734396554360e-10,-0.0000000000000000e+00,-0.0000000000000000e+00,0.0000000000000000e+00,-0.0000000000000000e+00,-0.0000000000000000e+00,0.0000000000000000e+00,
1.1269125854483447e-01,8.8730874111525726e-01,-2.3632145858545177e-17,-3.5196969027190994e-17,-7.7318560670821829e-10,9.9999999966009168e-01,-3.0394731827834010e-17,-4.2118016914109228e-17,-7.7318563033505133e-10,-0.0000000000000000e+00,0.0000000000000000e+00,-0.0000000000000000e+00,-0.0000000000000000e+00,0.0000000000000000e+00,-0.0000000000000000e+00,
1.1269125854381037e-01,8.8730874110719415e-01,-7.7318735255657744e-10,-7.7318735179728974e-10,-3.7147840635748517e-17,9.9999999965100450e-01,-7.7318735583338891e-10,-7.7318734468834498e-10,-4.0961534602776923e-17,-0.0000000000000000e+00,-0.0000000000000000e+00,0.0000000000000000e+00,-0.0000000000000000e+00,-0.0000000000000000e+00,0.0000000000000000e+00,
1.1269125854483447e-01,8.8730874111525737e-01,-2.3234951209574946e-17,-7.7318563149684625e-10,-2.5910008864432123e-17,9.9999999966009190e-01,-2.2579208439791076e-17,-7.7318562425425133e-10,-4.9066178565873689e-17,-0.0000000000000000e+00,0.0000000000000000e+00,-0.0000000000000000e+00,-0.0000000000000000e+00,-0.0000000000000000e+00,-0.0000000000000000e+00,
1.1269125854483449e-01,8.8730874111525726e-01,-7.7318563532838625e-10,-1.9730402635609165e-17,-2.6704398163750411e-17,9.9999999966009179e-01,-7.7318565407074228e-10,-4.1539775756039272e-17,-3.0539292117465561e-17,-0.0000000000000000e+00,-0.0000000000000000e+00,-0.0000000000000000e+00,-0.0000000000000000e+00,-0.0000000000000000e+00,-0.0000000000000000e+00,
1.1269125854585853e-01,8.8730874112332048e-01,-4.1014482240999776e-17,-2.7463685828666656e-17,-2.0127597279737766e-17,9.9999999966917896e-01,-2.9816490671233196e-17,-3.4447053816652138e-17,-2.3157449597506683e-17,-0.0000000000000000e+00,-0.0000000000000000e+00,-0.0000000000000000e+00,-0.0000000000000000e+00,-0.0000000000000000e+00,-0.0000000000000000e+00,

8,15
1.1269125862040708e-01,8.8730874171030105e-01,1.7055344981114615e-17,3.0173845119517712e-17,1.6623048711730317e-17,1.0000000003307081e+00,2.5619608403280324e-17,2.2290087867602958e-17,1.9394248195649531e-17,-0.0000000000000000e+00,-0.0000000000000000e+00,0.0000000000000000e+00,-0.0000000000000000e+00,-0.0000000000000000e+00,0.0000000000000000e+00,
1.1269125862143045e-01,8.8730874171835872e-01,7.7318904886278217e-10,2.8258075123083130e-17,3.0571039756476069e-17,1.0000000003397891e+00,7.7318906758459817e-10,3.0539292127330464e-17,3.0394731839501226e-17,-0.0000000000000000e+00,-0.0000000000000000e+00,0.0000000000000000e+00,-0.0000000000000000e+00,-0.0000000000000000e+00,0.0000000000000000e+00,
1.1269125862143044e-01,8.8730874171835872e-01,2.6669296542056781e-17,7.7318905468029523e-10,2.7895982102807884e-17,1.0000000003397891e+00,3.4736174402307292e-17,7.7318906049187617e-10,3.0105611261616074e-17,-0.0000000000000000e+00,-0.0000000000000000e+00,0.0000000000000000e+00,-0.0000000000000000e+00,-0.0000000000000000e+00,0.0000000000000000e+00,
1.1269125862245374e-01,8.8730874172641583e-01,7.7318737033610826e-10,7.7318735179728974e-10,2.7463685834157979e-17,1.0000000003488696e+00,7.7318737899083842e-10,7.7318734468834498e-10,3.4447053816964946e-17,-0.0000000000000000e+00,0.0000000000000000e+00,-0.0000000000000000e+00,-0.0000000000000000e+00,0.0000000000000000e+00,-0.0000000000000000e+00,
1.1269125862143040e-01,8.8730874171835883e-01,2.2440561920157191e-17,1.5863761041814693e-17,7.7318907166543695e-10,1.0000000003397893e+00,4.8632497712528497e-17,2.2868329025759529e-17,7.7318909841301069e-10,-0.0000000000000000e+00,-0.0000000000000000e+00,0.0000000000000000e+00,-0.0000000000000000e+00,-0.0000000000000000e+00,0.0000000000000000e+00,
1.1269125862245373e-01,8.8730874172641572e-01,7.7318735486954204e-10,2.5910008866575563e-17,7.7318733398265709e-10,1.0000000003488694e+00,7.7318736335979188e-10,2.6631530427590683e-17,7.7318734743962452e-10,-0.0000000000000000e+00,0.0000000000000000e+00,-0.0000000000000000e+00,-0.0000000000000000e+00,-0.0000000000000000e+00,-0.0000000000000000e+00,
1.1269125862245372e-01,8.8730874172641572e-01,2.0886884958803652e-17,7.7318733900578085e-10,7.7318734832784268e-10,1.0000000003488694e+00,3.0394731842392981e-17,7.7318735511058764e-10,7.7318733339874089e-10,-0.0000000000000000e+00,-0.0000000000000000e+00,-0.0000000000000000e+00,-0.0000000000000000e+00,-0.0000000000000000e+00,-0.0000000000000000e+00,
1.1269125862347702e-01,8.8730874173447338e-01,7.7318564111079780e-10,7.7318561523589061e-10,7.7318562141549682e-10,1.0000000003579503e+00,7.7318567288674933e-10,7.7318562338688970e-10,7.7318563482105425e-10,-0.0000000000000000e+00,-0.0000000000000000e+00,-0.0000000000000000e+00,-0.0000000000000000e+00,-0.0000000000000000e+00,-0.0000000000000000e+00,

