1
1
15
0
(8 0
((0,0,0) (7,7,7) (0,0,0))
((8,0,0) (15,7,7) (0,0,0))
((0,8,0) (7,15,7) (0,0,0))
((8,8,0) (15,15,7) (0,0,0))
((0,0,8) (7,7,15) (0,0,0))
((8,0,8) (15,7,15) (0,0,0))
((0,8,8) (7,15,15) (0,0,0))
((8,8,8) (15,15,15) (0,0,0))
)
8
FabOnDisk: Cell_D_00000 0
FabOnDisk: Cell_D_00000 61527
FabOnDisk: Cell_D_00000 123055
FabOnDisk: Cell_D_00000 184583
FabOnDisk: Cell_D_00000 246112
FabOnDisk: Cell_D_00000 307640
FabOnDisk: Cell_D_00000 369169
FabOnDisk: Cell_D_00000 430698

8,15
6.1197737638702190e-02,8.0616762145088006e-01,4.4131410401016084e-03,1.4465135720718513e-02,2.3806057491349373e-02,9.2696248592094799e-01,6.4778204433113187e-03,1.7269852076543826e-02,2.6145707870696203e-02,-6.1746983368709679e-03,-2.2597170647724180e-02,-6.9965339000269383e-02,-2.7017452290575370e-02,-4.1639781921863767e-02,-5.6517184507414109e-02,
6.1562399963472653e-02,7.4114676190315187e-01,8.3382156483207941e-03,1.3808824868461951e-02,2.2848851568980671e-02,8.8832374614522525e-01,8.1256213623075203e-03,1.7009129627647793e-02,2.5599366134872095e-02,-5.8280668188765844e-02,-2.8366768666681780e-02,-8.9923403023458817e-02,-1.5594925035631410e-02,-6.0372939185789766e-02,-8.1742880755673181e-02,
6.2200583915281493e-02,6.0943892084324447e-01,2.6340886243307595e-03,1.6416978074244172e-02,2.2571922158716663e-02,8.2288173324364955e-01,6.7637361416078056e-03,1.6404660122522161e-02,2.4951191423136693e-02,-1.0519659097579764e-02,-8.4304230088421500e-02,-1.3068922871333088e-01,-6.6270617067426624e-02,-4.4371821256702838e-02,-1.3923125173125306e-01,
6.3038736989131941e-02,5.0051390514692273e-01,8.1454734551468441e-03,1.5967161801130988e-02,2.2279866544825992e-02,7.8603005657000602e-01,6.6402688373043556e-03,1.5612154404674563e-02,2.4303215511997284e-02,-1.0670588355811508e-01,-1.0746367711559757e-01,-1.6631247004494237e-01,-3.7054508431222495e-02,-6.2903055892679111e-02,-1.9782763861088226e-01,
6.2321462599914820e-02,3.7392985431746745e-01,2.0652239712017949e-03,1.2772885580675072e-02,2.4565243356929684e-02,7.7128157408034281e-01,6.5147596941289750e-03,1.5893677880568554e-02,2.3472221516498346e-02,-1.7097285560949096e-02,-6.7872013206595222e-02,-1.3732436706650020e-01,-1.2685352407879241e-01,-1.9904546143219087e-01,-9.3836937550661040e-02,
6.3259751089422403e-02,2.5344327490823498e-01,7.9781150356249102e-03,1.2305890584634688e-02,2.3906871215275051e-02,7.6986054211573829e-01,5.8172136482237454e-03,1.5895810151054863e-02,2.2112672950436958e-02,-1.6012110039987718e-01,-8.8017208195111218e-02,-1.6617831789957538e-01,-6.9893489002127079e-02,-2.6473509203303636e-01,-1.2867557717447525e-01,
6.5444580794421489e-02,1.0722142917276917e-01,2.3425283663136088e-03,1.5636702344045496e-02,2.3764695825815217e-02,7.6926981823295604e-01,7.1608831051762408e-03,1.2636351283137569e-02,2.1083834623415596e-02,-3.2237214386999030e-02,-1.9642875606685251e-01,-2.0310674079045171e-01,-2.5912985815306722e-01,-1.8758541054908265e-01,-1.9674526424210198e-01,
6.7387396951702955e-02,5.1221108357002110e-02,6.9814755925212300e-03,1.4853562839088815e-02,2.2635387843496158e-02,7.6815689505607399e-01,1.6279812109690046e-03,1.0907585223959605e-02,1.9528174096175056e-02,-2.2628172518266276e-01,-2.3232769584757965e-01,-2.3897631623840257e-01,-1.0686978041437468e-01,-2.2609449040322077e-01,-2.6236781495696715e-01,

8,15
1.2079486447006794e-01,9.9436854323337598e-01,1.4952262571132057e-02,2.9795060221796371e-02,4.2666620294136717e-02,1.0555662808720783e+00,1.5139426588557117e-02,2.9126391952541016e-02,4.1977693328090544e-02,6.4577629213630153e-02,9.7197341910256266e-02,1.3115506776082986e-01,1.6964250990877602e-03,6.4850905175135327e-03,2.3604639126271660e-02,
1.4717698424207334e-01,9.9330919170102205e-01,1.7741169063313633e-02,3.0312237751772841e-02,4.3327980112908449e-02,1.0548715916644946e+00,1.4675837628654516e-02,2.9568177929718067e-02,4.2046233985894542e-02,3.2397116662036346e-02,1.2232545180590251e-01,1.6496134864891732e-01,2.4274183192605690e-02,8.2587581123304520e-03,3.2223707698704709e-02,
2.1344281240040508e-01,9.9103405784509713e-01,1.5303917520853340e-02,3.0866843879202365e-02,4.3700080547491041e-02,1.0532346417603786e+00,1.7083781648819903e-02,2.9204871693853655e-02,4.2003124473067005e-02,1.1637820394332113e-01,8.4347825406766247e-02,2.1731088181442951e-01,2.9098178773869932e-03,4.1754603049689309e-02,5.2841489501883721e-02,
2.8551615142308323e-01,9.8819165911915330e-01,1.9557983493195007e-02,3.1178924943425022e-02,4.4389318380179371e-02,1.0512303961082852e+00,1.6270546412358380e-02,2.9932080410431407e-02,4.2119755450985431e-02,4.8730895285869408e-02,1.0013300270245303e-01,2.5054353553238118e-01,6.1029058701702568e-02,6.0579963720515356e-02,7.4711936123156908e-02,
3.9866176061051523e-01,9.9026771036336958e-01,1.6139607423603406e-02,3.0703724660641002e-02,4.2177474761531220e-02,1.0525891729632844e+00,1.5732223309309172e-02,2.9180954855755607e-02,4.2652850602417067e-02,1.6479510107824014e-01,2.0659914274244021e-01,1.4574821134442600e-01,4.9385456475975024e-03,2.2415973410004373e-02,9.0199068203759072e-02,
5.4920037027661361e-01,9.8703288620557861e-01,2.0622371316589467e-02,3.0859080909269254e-02,4.3008893879949564e-02,1.0502926372950010e+00,1.5021537110464663e-02,2.9912877411385663e-02,4.2704709977688007e-02,5.5215733951163450e-02,2.3883122512523886e-01,1.7018652702752823e-01,1.2326156174058980e-01,3.0704515645453213e-02,1.2691527310618833e-01,
8.5463397649271566e-01,9.7900754426979142e-01,1.6776499024268116e-02,3.1753877781088811e-02,4.3413348962936561e-02,1.0444521250642129e+00,1.9222293910866928e-02,2.9252747119917717e-02,4.2675115831535888e-02,2.3192665413322699e-01,1.2843511324039519e-01,1.9538201590403187e-01,1.0001968959158159e-02,1.9268778972740519e-01,1.9987753316024018e-01,
1.0658304291867060e+00,9.7257921812739812e-01,2.0118828494274259e-02,3.1863746624525999e-02,4.4006065111179903e-02,1.1170515375437082e+00,1.8173745097754910e-02,3.0687248409898928e-02,4.2792440948875646e-02,5.7912001878111283e-02,1.2804355462676592e-01,1.9872972963031749e-01,2.4978591738886238e-01,2.5522423690824164e-01,2.5769880039732118e-01,

