1
1
1
0
(8 0
((0,0,0) (7,7,7) (0,0,0))
((8,0,0) (15,7,7) (0,0,0))
((0,8,0) (7,15,7) (0,0,0))
((8,8,0) (15,15,7) (0,0,0))
((0,0,8) (7,7,15) (0,0,0))
((8,0,8) (15,7,15) (0,0,0))
((0,8,8) (7,15,15) (0,0,0))
((8,8,8) (15,15,15) (0,0,0))
)
8
FabOnDisk: Cell_D_00000 0
FabOnDisk: Cell_D_00000 4182
FabOnDisk: Cell_D_00000 8365
FabOnDisk: Cell_D_00000 12548
FabOnDisk: Cell_D_00000 16732
FabOnDisk: Cell_D_00000 20915
FabOnDisk: Cell_D_00000 25099
FabOnDisk: Cell_D_00000 29283

8,1
1.23668850220081672e-02,
1.21357553386456426e-02,
1.21405914304758555e-02,
1.21686218324377760e-02,
1.21832236487756582e-02,
1.22101503535985405e-02,
1.23046392417306451e-02,
1.23996717317585142e-02,

8,1
7.88923945416446726e-01,
9.46341939765012463e-01,
1.08375029534090306e+00,
1.18668069274453791e+00,
1.21427331643480629e+00,
1.26258924943109241e+00,
1.28264219405049773e+00,
1.29161297139150277e+00,

