1
1
15
0
(8 0
((0,0,0) (7,7,7) (0,0,0))
((8,0,0) (15,7,7) (0,0,0))
((0,8,0) (7,15,7) (0,0,0))
((8,8,0) (15,15,7) (0,0,0))
((0,0,8) (7,7,15) (0,0,0))
((8,0,8) (15,7,15) (0,0,0))
((0,8,8) (7,15,15) (0,0,0))
((8,8,8) (15,15,15) (0,0,0))
)
8
FabOnDisk: Cell_D_00000 0
FabOnDisk: Cell_D_00000 61527
FabOnDisk: Cell_D_00000 123055
FabOnDisk: Cell_D_00000 184583
FabOnDisk: Cell_D_00000 246112
FabOnDisk: Cell_D_00000 307640
FabOnDisk: Cell_D_00000 369169
FabOnDisk: Cell_D_00000 430698

8,15
1.1261090989218094e-01,8.8656456424425212e-01,-4.8440458157902752e-04,-4.8440458157901858e-04,-4.8440458157901625e-04,9.9917547413643304e-01,-4.4267432851444736e-04,-4.4267432851446172e-04,-4.4267432851445414e-04,-0.0000000000000000e+00,-0.0000000000000000e+00,0.0000000000000000e+00,-0.0000000000000000e+00,-0.0000000000000000e+00,0.0000000000000000e+00,
1.1260894237949347e-01,8.8653912028756565e-01,-1.3397319767730094e-05,-4.9234229074681627e-04,-4.9234229074682017e-04,9.9914806266705913e-01,-5.8523269487881129e-05,-4.5067597816343506e-04,-4.5067597816343896e-04,-0.0000000000000000e+00,-0.0000000000000000e+00,0.0000000000000000e+00,-0.0000000000000000e+00,-0.0000000000000000e+00,0.0000000000000000e+00,
1.1260894237949347e-01,8.8653912028756565e-01,-4.9234229074683448e-04,-1.3397319767748647e-05,-4.9234229074684608e-04,9.9914806266705913e-01,-4.5067597816345073e-04,-5.8523269487889491e-05,-4.5067597816343663e-04,-0.0000000000000000e+00,-0.0000000000000000e+00,0.0000000000000000e+00,-0.0000000000000000e+00,-0.0000000000000000e+00,0.0000000000000000e+00,
1.1260734964026173e-01,8.8651663453282692e-01,-1.9793572273657022e-06,-1.9793572273912149e-06,-5.0013449503541365e-04,9.9912398417308868e-01,-4.6659886530389940e-05,-4.6659886530401798e-05,-4.5853198094429604e-04,-0.0000000000000000e+00,0.0000000000000000e+00,-0.0000000000000000e+00,-0.0000000000000000e+00,0.0000000000000000e+00,-0.0000000000000000e+00,
1.1260894237949347e-01,8.8653912028756565e-01,-4.9234229074682678e-04,-4.9234229074684110e-04,-1.3397319767739001e-05,9.9914806266705913e-01,-4.5067597816341706e-04,-4.5067597816342883e-04,-5.8523269487866784e-05,-0.0000000000000000e+00,-0.0000000000000000e+00,0.0000000000000000e+00,-0.0000000000000000e+00,-0.0000000000000000e+00,0.0000000000000000e+00,
1.1260734964026176e-01,8.8651663453282681e-01,-1.9793572273760903e-06,-5.0013449503536758e-04,-1.9793572273328272e-06,9.9912398417308856e-01,-4.6659886530394290e-05,-4.5853198094426758e-04,-4.6659886530409164e-05,-0.0000000000000000e+00,-0.0000000000000000e+00,-0.0000000000000000e+00,-0.0000000000000000e+00,-0.0000000000000000e+00,-0.0000000000000000e+00,
1.1260734964026176e-01,8.8651663453282703e-01,-5.0013449503538200e-04,-1.9793572273745792e-06,-1.9793572273347449e-06,9.9912398417308879e-01,-4.5853198094427945e-04,-4.6659886530406718e-05,-4.6659886530382709e-05,-0.0000000000000000e+00,-0.0000000000000000e+00,-0.0000000000000000e+00,-0.0000000000000000e+00,-0.0000000000000000e+00,-0.0000000000000000e+00,
1.1261503216269890e-01,8.8656724770067930e-01,-1.5498685229475208e-17,-1.7773092745013009e-17,-1.7027120022467841e-17,9.9918227986337826e-01,-3.4948240715885963e-05,-3.4948240715920224e-05,-3.4948240715902287e-05,-0.0000000000000000e+00,0.0000000000000000e+00,-0.0000000000000000e+00,-0.0000000000000000e+00,-0.0000000000000000e+00,-0.0000000000000000e+00,

8,15
1.1295150139474758e-01,8.8975361837529476e-01,1.3397319767725437e-05,1.3397319767718905e-05,1.3397319767702254e-05,1.0027051197700423e+00,5.8523269487891978e-05,5.8523269487862041e-05,5.8523269487868546e-05,-0.0000000000000000e+00,-0.0000000000000000e+00,0.0000000000000000e+00,-0.0000000000000000e+00,-0.0000000000000000e+00,0.0000000000000000e+00,
1.1293997873339033e-01,8.8965276536641313e-01,4.8440458157904259e-04,1.9793572273579875e-06,1.9793572273355343e-06,1.0025927440998035e+00,4.4267432851444459e-04,4.6659886530371142e-05,4.6659886530404556e-05,-0.0000000000000000e+00,-0.0000000000000000e+00,0.0000000000000000e+00,-0.0000000000000000e+00,-0.0000000000000000e+00,0.0000000000000000e+00,
1.1293997873339033e-01,8.8965276536641313e-01,1.9793572273645469e-06,4.8440458157899234e-04,1.9793572273645096e-06,1.0025927440998035e+00,4.6659886530385887e-05,4.4267432851441960e-04,4.6659886530381998e-05,-0.0000000000000000e+00,-0.0000000000000000e+00,0.0000000000000000e+00,-0.0000000000000000e+00,-0.0000000000000000e+00,0.0000000000000000e+00,
1.1292883338264498e-01,8.8955489162911006e-01,4.9234229074684879e-04,4.9234229074682050e-04,2.1727310942191834e-17,1.0024837250117551e+00,4.5067597816346271e-04,4.5067597816343143e-04,3.4948240715908799e-05,-0.0000000000000000e+00,0.0000000000000000e+00,-0.0000000000000000e+00,-0.0000000000000000e+00,0.0000000000000000e+00,-0.0000000000000000e+00,
1.1293997873339033e-01,8.8965276536641313e-01,1.9793572273753313e-06,1.9793572273513772e-06,4.8440458157902096e-04,1.0025927440998035e+00,4.6659886530398329e-05,4.6659886530404549e-05,4.4267432851444335e-04,-0.0000000000000000e+00,-0.0000000000000000e+00,0.0000000000000000e+00,-0.0000000000000000e+00,-0.0000000000000000e+00,0.0000000000000000e+00,
1.1292883338264498e-01,8.8955489162911006e-01,4.9234229074685573e-04,2.1670327806806426e-17,4.9234229074684424e-04,1.0024837250117551e+00,4.5067597816343338e-04,3.4948240715893620e-05,4.5067597816344764e-04,-0.0000000000000000e+00,-0.0000000000000000e+00,-0.0000000000000000e+00,-0.0000000000000000e+00,-0.0000000000000000e+00,-0.0000000000000000e+00,
1.1292883338264496e-01,8.8955489162910972e-01,3.1295775669559123e-17,4.9234229074683177e-04,4.9234229074685964e-04,1.0024837250117546e+00,3.4948240715893322e-05,4.5067597816339874e-04,4.5067597816343734e-04,-0.0000000000000000e+00,-0.0000000000000000e+00,-0.0000000000000000e+00,-0.0000000000000000e+00,-0.0000000000000000e+00,-0.0000000000000000e+00,
1.1291806468925933e-01,8.8945998977652885e-01,5.0013449503539826e-04,5.0013449503539598e-04,5.0013449503541105e-04,1.0023780544657881e+00,4.5853198094428048e-04,4.5853198094427278e-04,4.5853198094429588e-04,-0.0000000000000000e+00,0.0000000000000000e+00,-0.0000000000000000e+00,-0.0000000000000000e+00,-0.0000000000000000e+00,-0.0000000000000000e+00,

